001 543 629 37 39
002 543 672 37 39
003 543 715 37 39
004 543 758 37 39
005 543 801 37 39
006 543 844 37 39
007 543 887 37 39
008 543 930 37 39
009 0 52 68 68
010 0 124 68 68
011 543 973 37 39
012 543 1016 37 39
013 543 1059 37 39
014 543 1102 37 39
015 543 1145 37 39
016 543 1188 37 39
017 543 1231 37 39
018 543 1274 37 39
019 543 1317 37 39
020 543 1360 37 39
021 543 1403 37 39
022 543 1446 37 39
023 543 1489 37 39
024 0 196 68 68
025 543 1532 37 39
026 543 1575 37 39
027 543 1618 37 39
028 543 1661 37 39
029 543 1704 37 39
030 543 1747 37 39
031 543 1790 37 39
032 2031 52 16 16
033 166 2012 18 18
034 2019 183 24 20
035 2019 124 25 20
036 72 2012 31 20
037 464 0 48 41
038 0 268 68 68
039 0 340 68 68
041 543 1833 37 39
042 543 1876 37 39
043 395 36 7 7
044 406 36 7 7
045 516 0 40 40
046 426 796 50 50
047 543 1919 37 39
1 426 850 50 50
1011 2001 478 46 49
113 543 532 46 49
155 593 532 46 49
159 643 532 46 49
160301 395 0 65 32
160400 2012 0 32 32
170 0 412 68 68
170301 124 0 65 48
170303 193 0 65 48
170305 262 0 65 48
1710 0 484 68 68
1711 0 556 68 68
1712 0 628 68 68
1713 0 700 68 68
1714 0 772 68 68
1715 0 844 68 68
1716 0 916 68 68
1717 0 988 68 68
1718 0 1060 68 68
1719 0 1132 68 68
172 0 1204 68 68
1720 0 1276 68 68
1721 0 1348 68 68
1722 693 532 46 49
1723 0 1420 68 68
1724 0 1492 68 68
1725 0 1564 68 68
1726 0 1636 68 68
1727 0 1708 68 68
1728 0 1780 68 68
1729 0 1852 68 68
173 0 1924 68 68
1730 72 52 68 68
1731 144 52 68 68
1732 216 52 68 68
1733 288 52 68 68
174 360 52 68 68
1740 743 532 46 49
175 432 52 68 68
176 504 52 68 68
177 576 52 68 68
1775 793 532 46 49
178 648 52 68 68
179 720 52 68 68
29 843 532 46 49
35 2019 148 25 20
36 131 2012 31 20
6 893 532 46 49
62 943 532 46 49
73 993 532 46 49
813 1043 532 46 49
82 1093 532 46 49
89 1143 532 46 49
913 1193 532 46 49
arrow 107 2012 20 28
circle 331 0 60 48
dashed 0 0 120 48
exit_1 426 904 50 50
exit_10 426 958 50 50
exit_11 426 1012 50 50
exit_12 426 1066 50 50
exit_13 426 1120 50 50
exit_14 426 1174 50 50
exit_15 426 1228 50 50
exit_16 426 1282 50 50
exit_17 426 1336 50 50
exit_18 426 1390 50 50
exit_19 426 1444 50 50
exit_2 426 1498 50 50
exit_2-1 0 1996 59 49
exit_20 426 1552 50 50
exit_21 426 1606 50 50
exit_22 426 1660 50 50
exit_23 426 1714 50 50
exit_3 426 1768 50 50
exit_3-1 426 478 59 49
exit_4 426 1822 50 50
exit_4-1 426 531 59 49
exit_5 426 1876 50 50
exit_6 426 1930 50 50
exit_6-1 426 584 59 49
exit_7 426 1984 50 50
exit_8 489 478 50 50
exit_8-1 426 637 59 49
exit_8-2 426 690 59 49
exit_9 543 478 50 50
exit_9-1 426 743 59 49
express_0 597 478 50 50
express_1 651 478 50 50
express_11 705 478 50 50
express_112 759 478 50 50
express_22 813 478 50 50
express_30 867 478 50 50
express_309 921 478 50 50
express_330 975 478 50 50
express_44 1029 478 50 50
express_47 1083 478 50 50
express_55 1137 478 50 50
express_6 1191 478 50 50
express_61 1245 478 50 50
express_66 1299 478 50 50
express_70 1353 478 50 50
express_77 1407 478 50 50
express_81 1461 478 50 50
express_88 1515 478 50 50
highway_0 1569 478 50 50
highway_1 1623 478 50 50
highway_10 1677 478 50 50
highway_100 1731 478 50 50
highway_102 1785 478 50 50
highway_104 1839 478 50 50
highway_110 1893 478 50 50
highway_12 1947 478 50 50
highway_120 489 532 50 50
highway_130 489 586 50 50
highway_14 489 640 50 50
highway_15 489 694 50 50
highway_151 489 748 50 50
highway_153 489 802 50 50
highway_16 489 856 50 50
highway_17 489 910 50 50
highway_171 489 964 50 50
highway_20 489 1018 50 50
highway_25 489 1072 50 50
highway_251 489 1126 50 50
highway_253 489 1180 50 50
highway_27 489 1234 50 50
highway_30 489 1288 50 50
highway_300 489 1342 50 50
highway_309 489 1396 50 50
highway_35 489 1450 50 50
highway_37 489 1504 50 50
highway_40 489 1558 50 50
highway_400 489 1612 50 50
highway_45 489 1666 50 50
highway_451 489 1720 50 50
highway_50 489 1774 50 50
highway_55 489 1828 50 50
highway_551 489 1882 50 50
highway_60 489 1936 50 50
highway_65 489 1990 50 50
local_1001 792 52 55 55
local_1002 851 52 55 55
local_1003 910 52 55 55
local_1004 969 52 55 55
local_1005 1028 52 55 55
local_1006 1087 52 55 55
local_1007 1146 52 55 55
local_1008 1205 52 55 55
local_1009 1264 52 55 55
local_1010 1323 52 55 55
local_1011 1382 52 55 55
local_1013 1441 52 55 55
local_1014 1500 52 55 55
local_1016 1559 52 55 55
local_1017 1618 52 55 55
local_1018 1677 52 55 55
local_1020 1736 52 55 55
local_1021 1795 52 55 55
local_1022 1854 52 55 55
local_1023 1913 52 55 55
local_1024 1972 52 55 55
local_1025 72 124 55 55
local_1026 72 183 55 55
local_1027 72 242 55 55
local_1028 72 301 55 55
local_1029 72 360 55 55
local_1030 72 419 55 55
local_1032 72 478 55 55
local_1034 72 537 55 55
local_1036 72 596 55 55
local_1037 72 655 55 55
local_1040 72 714 55 55
local_1041 72 773 55 55
local_1042 72 832 55 55
local_1047 72 891 55 55
local_1049 72 950 55 55
local_1051 72 1009 55 55
local_1077 72 1068 55 55
local_1080 72 1127 55 55
local_1084 72 1186 55 55
local_1089 72 1245 55 55
local_1099 72 1304 55 55
local_1112 72 1363 55 55
local_1114 72 1422 55 55
local_1115 72 1481 55 55
local_1116 72 1540 55 55
local_1117 72 1599 55 55
local_1118 72 1658 55 55
local_1119 72 1717 55 55
local_1120 72 1776 55 55
local_1121 72 1835 55 55
local_1122 72 1894 55 55
local_1131 72 1953 55 55
local_1132 131 124 55 55
local_1135 190 124 55 55
local_1136 249 124 55 55
local_1139 308 124 55 55
local_15 367 124 55 55
local_20 426 124 55 55
local_22 485 124 55 55
local_23 544 124 55 55
local_30 603 124 55 55
local_300 662 124 55 55
local_301 721 124 55 55
local_302 780 124 55 55
local_304 839 124 55 55
local_305 898 124 55 55
local_306 957 124 55 55
local_307 1016 124 55 55
local_309 1075 124 55 55
local_310 1134 124 55 55
local_311 1193 124 55 55
local_313 1252 124 55 55
local_314 1311 124 55 55
local_315 1370 124 55 55
local_317 1429 124 55 55
local_318 1488 124 55 55
local_319 1547 124 55 55
local_32 1606 124 55 55
local_320 1665 124 55 55
local_321 1724 124 55 55
local_322 1783 124 55 55
local_323 1842 124 55 55
local_324 1901 124 55 55
local_325 1960 124 55 55
local_328 131 183 55 55
local_329 131 242 55 55
local_330 131 301 55 55
local_333 131 360 55 55
local_334 131 419 55 55
local_335 131 478 55 55
local_337 131 537 55 55
local_338 131 596 55 55
local_34 131 655 55 55
local_341 131 714 55 55
local_342 131 773 55 55
local_344 131 832 55 55
local_345 131 891 55 55
local_347 131 950 55 55
local_349 131 1009 55 55
local_350 131 1068 55 55
local_351 131 1127 55 55
local_352 131 1186 55 55
local_355 131 1245 55 55
local_356 131 1304 55 55
local_357 131 1363 55 55
local_358 131 1422 55 55
local_359 131 1481 55 55
local_360 131 1540 55 55
local_362 131 1599 55 55
local_363 131 1658 55 55
local_364 131 1717 55 55
local_367 131 1776 55 55
local_368 131 1835 55 55
local_37 131 1894 55 55
local_371 131 1953 55 55
local_372 190 183 55 55
local_375 249 183 55 55
local_376 308 183 55 55
local_379 367 183 55 55
local_383 426 183 55 55
local_387 485 183 55 55
local_389 544 183 55 55
local_39 603 183 55 55
local_390 662 183 55 55
local_391 721 183 55 55
local_397 780 183 55 55
local_398 839 183 55 55
local_402 898 183 55 55
local_403 957 183 55 55
local_404 1016 183 55 55
local_406 1075 183 55 55
local_407 1134 183 55 55
local_408 1193 183 55 55
local_409 1252 183 55 55
local_410 1311 183 55 55
local_411 1370 183 55 55
local_412 1429 183 55 55
local_413 1488 183 55 55
local_414 1547 183 55 55
local_415 1606 183 55 55
local_416 1665 183 55 55
local_418 1724 183 55 55
local_420 1783 183 55 55
local_421 1842 183 55 55
local_424 1901 183 55 55
local_426 1960 183 55 55
local_427 190 242 55 55
local_442 190 301 55 55
local_444 190 360 55 55
local_446 190 419 55 55
local_451 190 478 55 55
local_453 190 537 55 55
local_456 190 596 55 55
local_460 190 655 55 55
local_461 190 714 55 55
local_462 190 773 55 55
local_463 190 832 55 55
local_464 190 891 55 55
local_49 190 950 55 55
local_494 190 1009 55 55
local_501 190 1068 55 55
local_502 190 1127 55 55
local_505 190 1186 55 55
local_507 190 1245 55 55
local_508 190 1304 55 55
local_509 190 1363 55 55
local_510 190 1422 55 55
local_511 190 1481 55 55
local_512 190 1540 55 55
local_513 190 1599 55 55
local_514 190 1658 55 55
local_515 190 1717 55 55
local_516 190 1776 55 55
local_517 190 1835 55 55
local_519 190 1894 55 55
local_520 190 1953 55 55
local_522 249 242 55 55
local_525 308 242 55 55
local_531 367 242 55 55
local_532 426 242 55 55
local_534 485 242 55 55
local_540 544 242 55 55
local_55 603 242 55 55
local_56 662 242 55 55
local_57 721 242 55 55
local_571 780 242 55 55
local_575 839 242 55 55
local_58 898 242 55 55
local_581 957 242 55 55
local_583 1016 242 55 55
local_587 1075 242 55 55
local_589 1134 242 55 55
local_591 1193 242 55 55
local_592 1252 242 55 55
local_594 1311 242 55 55
local_595 1370 242 55 55
local_596 1429 242 55 55
local_597 1488 242 55 55
local_599 1547 242 55 55
local_60 1606 242 55 55
local_601 1665 242 55 55
local_603 1724 242 55 55
local_604 1783 242 55 55
local_606 1842 242 55 55
local_607 1901 242 55 55
local_609 1960 242 55 55
local_610 249 301 55 55
local_611 249 360 55 55
local_613 249 419 55 55
local_615 249 478 55 55
local_616 249 537 55 55
local_617 249 596 55 55
local_618 249 655 55 55
local_619 249 714 55 55
local_622 249 773 55 55
local_623 249 832 55 55
local_624 249 891 55 55
local_625 249 950 55 55
local_627 249 1009 55 55
local_628 249 1068 55 55
local_629 249 1127 55 55
local_633 249 1186 55 55
local_634 249 1245 55 55
local_635 249 1304 55 55
local_643 249 1363 55 55
local_645 249 1422 55 55
local_647 249 1481 55 55
local_649 249 1540 55 55
local_651 249 1599 55 55
local_67 249 1658 55 55
local_68 249 1717 55 55
local_69 249 1776 55 55
local_691 249 1835 55 55
local_693 249 1894 55 55
local_696 249 1953 55 55
local_697 308 301 55 55
local_70 367 301 55 55
local_701 426 301 55 55
local_702 485 301 55 55
local_703 544 301 55 55
local_705 603 301 55 55
local_706 662 301 55 55
local_707 721 301 55 55
local_708 780 301 55 55
local_709 839 301 55 55
local_710 898 301 55 55
local_711 957 301 55 55
local_712 1016 301 55 55
local_713 1075 301 55 55
local_714 1134 301 55 55
local_715 1193 301 55 55
local_716 1252 301 55 55
local_717 1311 301 55 55
local_718 1370 301 55 55
local_719 1429 301 55 55
local_720 1488 301 55 55
local_721 1547 301 55 55
local_722 1606 301 55 55
local_723 1665 301 55 55
local_724 1724 301 55 55
local_725 1783 301 55 55
local_726 1842 301 55 55
local_727 1901 301 55 55
local_729 1960 301 55 55
local_730 308 360 55 55
local_732 308 419 55 55
local_733 308 478 55 55
local_734 308 537 55 55
local_735 308 596 55 55
local_736 308 655 55 55
local_737 308 714 55 55
local_739 308 773 55 55
local_740 308 832 55 55
local_741 308 891 55 55
local_742 308 950 55 55
local_743 308 1009 55 55
local_744 308 1068 55 55
local_745 308 1127 55 55
local_747 308 1186 55 55
local_749 308 1245 55 55
local_751 308 1304 55 55
local_78 308 1363 55 55
local_789 308 1422 55 55
local_79 308 1481 55 55
local_792 308 1540 55 55
local_793 308 1599 55 55
local_795 308 1658 55 55
local_796 308 1717 55 55
local_799 308 1776 55 55
local_801 308 1835 55 55
local_803 308 1894 55 55
local_805 308 1953 55 55
local_806 367 360 55 55
local_808 426 360 55 55
local_810 485 360 55 55
local_811 544 360 55 55
local_815 603 360 55 55
local_816 662 360 55 55
local_817 721 360 55 55
local_818 780 360 55 55
local_819 839 360 55 55
local_82 898 360 55 55
local_820 957 360 55 55
local_821 1016 360 55 55
local_822 1075 360 55 55
local_825 1134 360 55 55
local_827 1193 360 55 55
local_830 1252 360 55 55
local_831 1311 360 55 55
local_834 1370 360 55 55
local_835 1429 360 55 55
local_836 1488 360 55 55
local_837 1547 360 55 55
local_838 1606 360 55 55
local_839 1665 360 55 55
local_84 1724 360 55 55
local_840 1783 360 55 55
local_842 1842 360 55 55
local_843 1901 360 55 55
local_844 1960 360 55 55
local_845 367 419 55 55
local_851 367 478 55 55
local_855 367 537 55 55
local_857 367 596 55 55
local_86 367 655 55 55
local_861 367 714 55 55
local_863 367 773 55 55
local_865 367 832 55 55
local_88 367 891 55 55
local_887 367 950 55 55
local_893 367 1009 55 55
local_895 367 1068 55 55
local_897 367 1127 55 55
local_898 367 1186 55 55
local_901 367 1245 55 55
local_902 367 1304 55 55
local_903 367 1363 55 55
local_904 367 1422 55 55
local_905 367 1481 55 55
local_906 367 1540 55 55
local_907 367 1599 55 55
local_908 367 1658 55 55
local_909 367 1717 55 55
local_910 367 1776 55 55
local_911 367 1835 55 55
local_912 367 1894 55 55
local_913 367 1953 55 55
local_914 426 419 55 55
local_915 485 419 55 55
local_916 544 419 55 55
local_917 603 419 55 55
local_918 662 419 55 55
local_919 721 419 55 55
local_920 780 419 55 55
local_921 839 419 55 55
local_922 898 419 55 55
local_923 957 419 55 55
local_924 1016 419 55 55
local_925 1075 419 55 55
local_927 1134 419 55 55
local_928 1193 419 55 55
local_929 1252 419 55 55
local_930 1311 419 55 55
local_931 1370 419 55 55
local_932 1429 419 55 55
local_933 1488 419 55 55
local_935 1547 419 55 55
local_945 1606 419 55 55
local_96 1665 419 55 55
local_97 1724 419 55 55
local_977 1783 419 55 55
local_98 1842 419 55 55
local_985 1901 419 55 55
local_997 1960 419 55 55
national_0 560 0 40 40
national_1 604 0 40 40
national_13 648 0 40 40
national_14 692 0 40 40
national_15 736 0 40 40
national_17 780 0 40 40
national_18 824 0 40 40
national_19 868 0 40 40
national_2 912 0 40 40
national_20 956 0 40 40
national_21 1000 0 40 40
national_22 1044 0 40 40
national_23 1088 0 40 40
national_24 1132 0 40 40
national_25 1176 0 40 40
national_26 1220 0 40 40
national_27 1264 0 40 40
national_28 1308 0 40 40
national_29 1352 0 40 40
national_3 1396 0 40 40
national_30 1440 0 40 40
national_31 1484 0 40 40
national_32 1528 0 40 40
national_33 1572 0 40 40
national_34 1616 0 40 40
national_35 1660 0 40 40
national_36 1704 0 40 40
national_37 1748 0 40 40
national_38 1792 0 40 40
national_39 1836 0 40 40
national_4 1880 0 40 40
national_40 1924 0 40 40
national_42 1968 0 40 40
national_43 1243 532 40 40
national_44 1287 532 40 40
national_45 1331 532 40 40
national_46 1375 532 40 40
national_47 1419 532 40 40
national_48 1463 532 40 40
national_5 1507 532 40 40
national_56 1551 532 40 40
national_58 1595 532 40 40
national_59 1639 532 40 40
national_6 1683 532 40 40
national_67 1727 532 40 40
national_7 1771 532 40 40
national_75 1815 532 40 40
national_77 1859 532 40 40
national_79 1903 532 40 40
national_82 1947 532 40 40
national_87 1991 532 40 40
national_88 543 585 40 40
