2148305, 2 19 23, 1491 401 18 22
2147505, 3 17 23, 1491 374 17 19
2134405, 3 19 23, 1491 344 18 22
2134005, 9 19 23, 1384 142 10 21
2126905, 4 19 23, 1491 315 17 21
2099505, 2 18 23, 2025 675 19 21
2098705, 1 19 23, 1997 704 21 21
2098605, 2 19 23, 1967 734 19 22
2097605, 0 18 23, 1967 675 23 21
2097505, 1 19 23, 1936 734 22 21
2097105, 1 19 23, 1907 733 21 22
2096005, 1 18 23, 1907 705 21 20
2095705, 1 19 23, 1907 675 21 22
2094305, 1 19 23, 1936 645 22 22
2094005, 1 19 23, 1907 645 21 22
2093905, 1 18 23, 1996 615 21 21
2093705, 1 19 23, 1967 615 21 21
2093505, 0 19 23, 1936 615 23 22
2092805, 1 19 23, 1877 734 21 22
2092305, 1 19 23, 1877 704 21 22
2091805, 1 19 23, 1877 644 21 22
2091505, 1 19 23, 1996 585 22 22
2091405, 1 19 23, 1967 585 21 22
2091205, 1 19 23, 1937 585 22 22
2091105, 1 18 23, 2024 555 20 21
2090105, 1 18 23, 1848 700 21 21
2089805, 1 18 23, 1848 671 21 21
2089605, 1 18 23, 1848 642 21 21
2088505, 1 19 23, 1995 555 21 22
2087605, 1 19 23, 1966 555 21 22
2086405, 1 19 23, 1937 555 21 22
2086005, 1 19 23, 1879 555 21 22
2085905, 1 19 23, 1819 735 21 22
2085705, 1 19 23, 1819 705 21 22
2085605, 0 19 23, 1848 555 23 22
2085505, 1 18 23, 1879 526 21 21
2085305, 1 19 23, 1819 645 21 22
2085105, 1 19 23, 1819 585 21 22
2084905, 1 19 23, 1819 555 21 22
2084805, 1 19 23, 1850 526 21 20
2084605, 1 19 23, 1789 733 21 21
2084505, 1 19 23, 1789 704 21 21
2084405, 1 18 23, 1789 675 21 21
2084005, 0 19 23, 1819 526 23 21
2082805, 1 19 23, 1789 586 21 22
2082005, 1 19 23, 1789 526 22 22
2081705, 1 19 23, 1996 496 21 22
2080805, 1 19 23, 1878 496 21 21
2080605, 1 19 23, 1849 496 21 22
2080105, 1 19 23, 1759 672 21 22
2080005, 0 18 23, 1759 644 22 20
2079905, 1 18 23, 1759 616 21 20
2076905, 0 19 23, 1759 586 22 22
2075405, 0 19 23, 1759 556 22 22
2073105, 0 19 23, 1759 526 22 22
2071105, 0 19 23, 1759 496 22 22
2068705, 0 19 23, 2001 466 22 22
2066705, 0 19 23, 1970 466 23 22
2064705, 0 19 23, 1850 466 22 22
2062105, 0 19 23, 1820 466 22 22
2060805, 0 19 23, 1759 466 22 22
2060705, 0 19 23, 1728 736 22 22
2058105, 0 19 23, 1728 646 22 22
2056505, 0 19 23, 1728 556 22 22
2055905, 0 19 23, 1728 526 22 22
2055805, 0 19 23, 1728 496 22 22
2055105, 0 19 23, 1728 466 23 22
2053905, 0 19 23, 1940 436 22 22
2053805, 0 19 23, 1910 436 22 22
2052105, 0 19 23, 1818 436 22 22
2051905, 0 19 23, 1788 436 22 22
2051105, 0 19 23, 1698 736 22 22
2050005, 0 19 23, 1698 646 22 22
2049305, 0 19 23, 1698 586 22 22
2047805, 0 19 23, 1698 556 22 22
2046505, 0 19 23, 1698 526 22 22
2046305, 0 19 23, 1698 496 22 22
2046105, 0 19 23, 1728 436 23 22
2044905, 0 19 23, 1698 436 22 22
2044605, 1 19 23, 2006 406 21 22
2044505, 0 19 23, 1975 406 23 22
2044005, 0 19 23, 1945 406 22 22
2043905, 0 19 23, 1914 406 23 22
2043305, 0 19 23, 1884 406 22 22
2043205, 0 19 23, 1668 736 22 22
2043105, 0 19 23, 1668 706 21 22
2042605, 0 19 23, 1668 676 22 22
2042005, 0 19 23, 1853 406 23 22
2040505, 0 19 23, 1668 616 22 22
2039905, 0 19 23, 1668 586 22 22
2039205, 0 19 23, 1729 406 23 22
2039105, 0 19 23, 1668 556 22 22
2038905, 0 19 23, 1668 496 22 22
2038705, 0 19 23, 1668 466 21 22
2038405, 0 19 23, 1698 406 23 22
2038105, 0 19 23, 1668 436 22 22
2037905, 0 19 23, 1668 406 22 22
2036005, 0 19 23, 1883 376 22 22
2035605, 0 19 23, 1853 376 22 22
2035505, 0 19 23, 1823 376 22 22
2035105, 0 19 23, 1638 736 22 22
2033905, 0 19 23, 1792 376 23 22
2033605, 0 19 23, 1638 706 22 22
2033205, 0 19 23, 1638 676 22 22
2032705, 0 19 23, 1638 646 22 22
2032405, 0 19 23, 1730 376 23 22
2032305, 0 19 23, 1638 616 21 22
2031905, 0 19 23, 1699 376 23 22
2031505, 0 19 23, 1638 526 22 22
2030905, 0 19 23, 1638 406 22 22
2030705, 0 19 23, 1668 376 23 22
2030405, 0 19 23, 1999 346 22 22
2030205, 0 19 23, 1939 346 22 22
2029105, 0 19 23, 1849 346 21 22
2028205, 0 19 23, 1759 346 22 22
2028005, 0 19 23, 1729 346 22 22
2027605, 0 19 23, 1668 346 22 22
2027205, 0 19 23, 1638 346 22 22
2027105, 0 19 23, 1607 735 21 22
2026005, 0 19 23, 1607 645 22 22
2025405, 0 19 23, 1607 556 23 21
2024905, 0 19 23, 1607 496 23 22
2024805, 0 19 23, 1607 466 22 22
2024705, 0 19 23, 1607 436 23 22
2024105, 0 19 23, 1607 406 23 22
2023905, 0 19 23, 1607 346 23 22
2023705, 0 19 23, 1970 316 22 22
2022505, 0 19 23, 1909 316 23 21
2021505, 0 19 23, 1788 316 23 22
2020305, 0 19 23, 1638 316 22 22
2020205, 0 19 23, 1607 316 23 22
2019705, 2 19 23, 1576 734 20 22
2019605, 0 19 23, 1576 704 23 22
2019005, 0 19 23, 1576 644 22 22
2018505, 0 19 23, 1576 614 22 22
2018405, 0 19 23, 1576 584 22 22
2017705, 0 19 23, 1576 436 23 21
2017105, 1 19 23, 1576 346 22 22
2016705, 0 19 23, 2018 286 22 22
2016605, 0 19 23, 1989 286 21 22
2016405, 0 18 23, 1929 286 22 20
2016105, 0 19 23, 1899 286 22 22
2015905, 0 19 23, 1839 286 22 22
2014905, 1 19 23, 1779 286 21 22
2014605, 1 19 23, 1750 286 21 22
2014205, 1 19 23, 1721 286 21 22
2014005, 1 19 23, 1663 286 21 22
2013905, 1 19 23, 1634 286 21 22
2013705, 1 19 23, 1605 286 21 22
2013605, 1 19 23, 1576 286 21 22
2013505, 0 19 23, 1546 726 22 22
2013205, 1 19 23, 1546 636 22 22
2012905, 1 19 23, 1546 607 21 21
2012305, 1 19 23, 1546 578 21 21
2011705, 1 19 23, 1546 520 21 22
2011305, 1 18 23, 1546 463 21 21
2011105, 1 18 23, 1989 199 21 20
2010805, 1 16 23, 1580 60 21 16
2010705, 1 19 23, 1546 404 21 22
2010205, 2 18 23, 1546 316 19 21
2009405, 1 19 23, 1546 286 22 22
2008305, 1 19 23, 2016 256 21 22
2008105, 1 19 23, 1987 256 21 22
2008005, 1 18 23, 1958 256 21 21
2006505, 2 19 23, 1491 285 17 22
2006405, 2 18 23, 1491 256 18 21
2006305, 1 19 23, 1901 256 21 21
2006205, 1 19 23, 1873 256 20 21
2006105, 1 19 23, 1843 256 22 22
2005705, 2 18 23, 1932 199 20 20
2005605, 1 19 23, 1814 256 21 22
2005405, 1 19 23, 1785 256 21 22
2005205, 1 19 23, 1756 256 21 22
2005105, 1 19 23, 1727 256 21 22
2005005, 1 19 23, 1517 731 21 22
2004805, 1 19 23, 1517 702 21 21
2004705, 1 19 23, 1697 256 22 22
2004605, 0 19 23, 1666 256 23 21
2004505, 1 19 23, 1517 672 21 22
2004405, 2 19 23, 1517 643 19 21
2004305, 1 19 23, 1517 613 21 22
2004005, 1 19 23, 1517 554 21 21
2003705, 1 19 23, 1636 256 22 22
2003505, 1 18 23, 1517 525 21 21
2003005, 1 19 23, 1517 495 21 22
2002705, 1 19 23, 2014 227 21 21
2002505, 1 18 23, 1985 227 21 21
2002405, 1 19 23, 1606 256 22 22
2002005, 1 19 23, 1517 406 21 22
2001805, 2 19 23, 1517 376 19 22
2001605, 1 19 23, 1517 346 21 22
2001305, 2 19 23, 1517 316 19 22
2000705, 1 19 23, 1546 256 22 22
2000505, 0 18 23, 1955 227 22 21
2000405, 1 18 23, 1926 227 21 21
2000205, 1 19 23, 1517 256 21 22
2000105, 1 18 23, 1897 227 21 21
1999805, 0 19 23, 1867 227 22 21
1999705, 1 19 23, 1903 199 21 20
1999605, 1 19 23, 1838 227 21 21
1999505, 1 19 23, 1809 227 21 21
1999405, 1 19 23, 1874 199 21 20
1999305, 1 18 23, 1780 227 21 21
1999205, 1 19 23, 1751 227 21 21
1999005, 1 19 23, 1845 199 21 20
1998905, 1 18 23, 1816 199 21 19
1998805, 1 18 23, 1787 199 21 20
1998705, 1 19 23, 1722 227 21 21
1998505, 1 18 23, 1758 199 21 20
1998405, 1 18 23, 1729 199 21 20
1998205, 1 19 23, 1693 227 21 21
1998105, 0 18 23, 1662 227 23 21
1997905, 1 18 23, 1633 227 21 21
1997805, 1 19 23, 1604 227 21 21
1997705, 1 17 23, 1700 199 21 18
1997605, 1 19 23, 1575 227 21 21
1997505, 1 18 23, 1546 227 21 21
1997105, 1 19 23, 1517 227 21 21
1996805, 1 11 23, 139 751 21 3
5519505, 1 18 20, 1645 199 18 20
5519305, 1 18 20, 1620 199 17 20
5519205, 1 18 20, 1595 199 17 20
5518405, 1 18 20, 1569 199 18 20
5518005, 1 18 20, 1543 199 18 20
5517605, 1 18 20, 1517 199 18 20
5515605, 1 19 20, 1491 227 18 21
5514805, 1 18 20, 1463 721 18 20
4873105, 2 18 20, 716 313 17 20
5513705, 0 19 20, 1463 662 20 21
4873005, 2 18 20, 716 285 17 20
5513605, 0 19 20, 1463 633 20 21
5512805, 0 19 20, 1463 575 20 21
5512105, 0 19 20, 1463 518 20 21
5512005, 0 17 20, 1552 60 20 17
5510805, 0 19 20, 1463 459 20 21
5509205, 0 18 20, 1463 402 20 20
5507205, 1 19 20, 1463 373 18 21
5506405, 1 18 20, 1463 345 18 20
5503605, 1 18 20, 1990 170 18 20
5501605, 1 19 20, 1964 170 18 21
5180505, 0 18 20, 1161 398 19 20
5500805, 1 18 20, 1912 170 18 20
5499605, 0 19 20, 1884 170 20 21
5498805, 0 19 20, 1856 170 20 21
5498105, 0 19 20, 1800 170 20 21
5498005, 0 18 20, 1772 170 20 20
5495205, 0 17 20, 1524 60 20 17
4533605, 2 18 20, 283 397 16 20
5494505, 1 19 20, 1463 229 18 22
5492405, 1 18 20, 1436 681 18 20
5491505, 1 18 20, 1436 653 18 20
5169305, 0 18 20, 1245 144 21 20
5489605, 1 18 20, 1436 625 18 20
5167305, 0 18 20, 1161 257 19 20
5487605, 0 18 20, 1688 170 20 20
5485705, 0 19 20, 1575 170 20 21
5485605, 0 19 20, 1547 170 20 21
5484805, 0 19 20, 1519 170 20 21
5484005, 0 17 20, 1496 60 20 17
4519605, 1 18 20, 255 387 18 20
5480505, 1 18 20, 1436 568 17 21
5480105, 1 18 20, 1436 540 17 20
5480005, 1 18 20, 1436 512 17 20
5478405, 1 18 20, 1436 400 18 20
5157205, 0 17 20, 1188 573 20 19
5477505, 1 18 20, 1436 343 18 20
5477305, 1 18 20, 1436 315 18 20
5477205, 1 18 20, 2011 142 18 20
5475705, 1 18 20, 1933 142 18 20
5475605, 1 18 20, 1907 142 18 20
5474505, 1 18 20, 1856 142 17 20
5474405, 1 18 20, 1831 142 17 20
5473605, 1 18 20, 1805 142 18 20
5472805, 1 18 20, 1753 142 18 20
5469305, 1 18 20, 1436 257 19 21
5467205, 1 18 20, 1726 142 19 20
5146005, 0 17 20, 1188 410 20 19
5466305, 1 18 20, 1700 142 18 20
5466105, 1 18 20, 1674 142 18 20
5466005, 1 18 20, 1648 142 18 20
5464505, 1 18 20, 1570 142 18 20
5464405, 1 18 20, 1544 142 18 20
5463705, 1 18 20, 1436 170 19 21
5463305, 1 18 20, 1490 142 19 20
5463205, 1 18 20, 1463 142 19 20
5462405, 1 18 20, 1436 142 19 20
5462005, 1 18 20, 1408 722 19 20
16505, 6 17 23, 59 470 11 17
5461605, 1 18 20, 1408 666 20 20
5460405, 1 18 20, 1408 553 17 20
5459605, 1 18 20, 1408 525 18 20
5459205, 1 18 20, 1408 497 18 20
5458805, 1 18 20, 1408 469 18 20
9705, 1 13 12, 16 697 10 14
5454805, 0 17 20, 1408 414 20 19
8105, 1 17 17, 35 429 15 22
5132905, 0 17 20, 1188 166 20 19
5453205, 0 17 20, 1468 60 20 17
4486705, 0 17 20, 226 388 20 19
5447605, 1 18 20, 1408 305 18 20
5426805, 0 17 20, 1859 113 20 19
5426005, 0 17 20, 1831 113 20 19
5425205, 0 17 20, 1412 60 20 17
5102105, 0 18 20, 1078 367 20 20
5422405, 0 18 20, 1748 113 19 20
4460805, 1 18 20, 198 171 17 20
5421705, 1 18 20, 1722 113 18 21
5419605, 1 18 20, 1670 113 18 20
5418505, 1 18 20, 1592 113 18 20
5418405, 1 18 20, 1566 113 18 20
5096505, 1 18 20, 1049 678 18 20
5416805, 0 18 20, 2014 85 19 20
5415705, 1 18 20, 1962 85 17 20
5415605, 1 18 20, 1937 85 17 20
5414805, 1 18 20, 1911 85 18 20
5088105, 0 18 20, 1049 201 20 20
5408405, 1 18 20, 1832 85 19 20
5407305, 1 18 20, 1780 85 18 20
5407205, 1 18 20, 1754 85 18 20
5405705, 1 18 20, 1676 85 18 20
5405605, 0 18 20, 1649 85 19 20
5405305, 1 18 20, 1622 85 19 20
5404505, 1 18 20, 1568 85 19 20
5404405, 1 18 20, 1541 85 19 20
5403605, 1 18 20, 1514 85 19 20
5403205, 1 18 20, 1487 85 19 20
4761005, 2 18 20, 606 225 18 20
5401605, 2 18 20, 1384 85 16 20
5400805, 2 18 20, 1356 742 17 20
5080105, 1 18 20, 1021 510 18 21
5400405, 2 18 20, 1356 714 17 20
5400005, 2 18 20, 1330 737 16 20
5396005, 0 17 20, 1356 632 20 19
5394505, 0 17 20, 1356 550 20 19
5074105, 0 18 20, 1021 171 20 20
5394405, 0 17 20, 1384 60 20 17
5393205, 0 17 20, 1356 523 20 19
5391605, 0 17 20, 1356 441 20 19
5380505, 0 17 20, 1356 331 20 19
5054505, 1 18 20, 884 369 18 20
5374805, 1 18 20, 1330 681 18 20
5048005, 0 18 20, 965 285 20 20
5368305, 0 17 20, 1356 221 20 19
5368105, 0 17 20, 1356 194 20 19
5368005, 0 17 20, 1356 167 20 19
5367205, 0 18 20, 1356 139 20 20
5366505, 0 17 20, 1356 85 20 19
5366405, 0 17 20, 1356 60 20 17
5359905, 2 18 20, 1330 596 17 20
5359705, 2 18 20, 1330 568 17 20
5359605, 2 18 20, 1330 540 17 20
5358105, 2 18 20, 1330 456 17 20
5358005, 2 18 20, 1330 428 17 20
5357105, 2 18 20, 1330 371 17 20
5356905, 2 18 20, 1330 343 16 20
5356805, 2 18 20, 1330 315 16 20
5356005, 2 18 20, 1330 287 17 20
5355305, 2 18 20, 1330 231 16 20
5355205, 2 18 20, 1330 203 17 20
5348705, 2 18 20, 1330 146 17 20
5348505, 2 18 20, 1330 118 17 20
5348405, 2 18 20, 2017 32 17 20
5346905, 2 18 20, 1942 32 17 20
5346805, 2 18 20, 1917 32 17 20
5346105, 2 18 20, 1330 89 18 21
5345905, 2 18 20, 1891 32 18 20
5345705, 2 18 20, 1865 32 18 20
5345605, 2 18 20, 1839 32 18 20
5344905, 2 18 20, 1813 32 18 20
5344805, 2 18 20, 1787 32 18 20
5344105, 2 18 20, 1735 32 18 20
5503705, 1 19 20, 2016 170 18 21
5344005, 2 18 20, 1708 32 19 20
5343105, 1 18 20, 1681 32 19 20
5342905, 1 18 20, 1656 32 17 20
5342805, 1 18 20, 1631 32 17 20
5342005, 1 18 20, 1605 32 18 20
5341305, 1 18 20, 1553 32 17 20
5341205, 1 18 20, 1527 32 18 20
5337205, 0 17 20, 1499 32 20 19
5335605, 0 16 20, 1415 32 20 16
5334405, 0 17 20, 1387 32 20 19
5333605, 0 17 20, 1359 32 20 19
5331705, 1 18 20, 1302 696 18 20
5330005, 1 18 20, 1302 584 18 20
5486905, 0 18 20, 1632 170 20 20
5327205, 1 18 20, 1302 556 18 20
5004505, 0 18 20, 910 427 19 21
5324805, 1 18 20, 1302 500 18 20
5484105, 0 19 20, 1463 170 20 21
5004105, 0 18 20, 910 399 19 20
5324405, 1 18 20, 1302 472 18 20
5323305, 0 17 20, 1302 417 20 19
5323205, 0 17 20, 1302 390 20 19
5322405, 0 17 20, 1302 363 20 19
5321705, 0 17 20, 1302 309 20 19
5321605, 0 17 20, 1302 282 20 19
5478505, 1 18 20, 1436 428 17 20
5318805, 0 17 20, 1302 257 20 17
5309205, 0 17 20, 2015 4 20 19
5308405, 0 17 20, 1987 4 20 19
5307605, 0 17 20, 1903 4 20 17
5461705, 1 18 20, 1408 694 19 20
5302005, 1 18 20, 1878 4 17 20
4980805, 0 18 20, 937 31 20 20
5301105, 1 18 20, 1852 4 18 20
2097905, 1 19 23, 1967 704 22 22
5300905, 1 18 20, 1826 4 18 20
5460505, 1 18 20, 1408 581 17 20
5300805, 1 18 20, 1800 4 18 20
5458905, 1 18 20, 2027 113 17 20
4978905, 1 18 20, 884 60 18 20
5299205, 0 18 20, 1695 4 19 20
5298105, 1 18 20, 1643 4 17 20
5298005, 1 18 20, 1618 4 17 20
5297205, 1 18 20, 1592 4 18 20
2086905, 2 19 23, 2025 496 19 22
4969605, 0 18 20, 855 560 20 20
5289905, 1 18 20, 1487 4 18 20
5289705, 1 18 20, 1461 4 18 20
5289605, 1 18 20, 1435 4 18 20
5288805, 1 18 20, 1409 4 18 20
4967705, 0 18 20, 855 364 20 20
5288005, 0 18 20, 1356 4 19 20
5286905, 1 18 20, 1302 4 19 20
5286805, 1 18 20, 1274 730 19 20
5286005, 1 18 20, 1274 702 19 20
2082605, 1 19 23, 1789 556 21 22
5285605, 0 18 20, 1274 674 20 20
5284005, 0 18 20, 1274 505 18 20
5283205, 0 18 20, 1274 449 19 20
5282805, 0 18 20, 1274 421 19 20
5271205, 1 18 20, 1106 677 18 20
4948105, 0 18 20, 828 201 19 20
5268405, 1 18 20, 1106 649 18 20
5264405, 0 18 20, 1274 254 20 20
2059805, 0 19 23, 1728 676 22 22
5262805, 0 18 20, 1274 142 20 20
5416905, 1 18 20, 1488 113 18 20
2054205, 0 19 23, 2000 436 22 22
4936905, 0 18 20, 799 285 19 20
5257205, 1 18 20, 1106 593 18 20
5252405, 0 18 20, 1274 89 20 20
5250905, 0 18 20, 1274 32 20 21
5250405, 0 18 20, 1245 736 20 20
5248805, 0 17 20, 1217 746 20 17
5404905, 1 18 20, 1408 113 20 21
5245205, 0 18 20, 1245 623 20 21
5243605, 0 18 20, 1245 595 19 20
5402905, 1 18 20, 1460 85 19 20
5243205, 1 18 20, 1106 565 18 20
5401705, 2 18 20, 1408 85 16 20
2039005, 0 19 23, 1668 526 22 22
5242005, 0 18 20, 1245 567 19 20
5400105, 2 18 20, 1356 686 16 20
5240405, 0 18 20, 1245 455 19 20
2036305, 0 19 23, 1913 376 22 22
5239305, 0 18 20, 1106 508 18 20
5239205, 0 18 20, 1106 480 18 20
5238405, 0 18 20, 1245 399 19 20
5237605, 1 18 20, 1106 424 18 20
5232005, 0 18 20, 1245 258 20 20
5230905, 0 18 20, 1217 718 19 20
2027805, 0 19 23, 1698 346 23 22
5230805, 0 18 20, 1161 736 19 20
2026205, 0 19 23, 1607 675 23 22
5229205, 0 18 20, 1161 624 19 20
2025505, 0 19 23, 1607 585 22 22
5228505, 0 18 20, 1217 661 20 21
2025005, 1 19 23, 1607 526 21 22
5228005, 0 18 20, 1217 577 20 20
5227205, 0 18 20, 1217 549 20 20
2023405, 0 19 23, 1940 316 22 22
5226405, 0 18 20, 1245 201 21 20
5225205, 0 18 20, 1161 482 19 20
2021405, 0 19 23, 1758 316 22 22
5224405, 0 18 20, 1217 464 20 20
5223605, 0 18 20, 1161 426 19 20
5218005, 0 17 20, 1217 411 20 17
2012205, 1 18 23, 1546 550 21 20
5215205, 0 17 20, 1217 384 20 19
2002605, 1 19 23, 1517 436 20 22
5205605, 0 17 20, 1217 329 20 19
2001105, 2 19 23, 1517 286 19 22
5204105, 0 17 20, 1217 275 20 19
2001005, 1 19 23, 1576 256 22 22
5204005, 0 17 20, 1217 248 20 19
5190805, 0 17 20, 1217 166 20 19
5190105, 0 17 20, 1217 112 20 19
5190005, 0 17 20, 1217 87 20 17
4689505, 0 17 20, 497 413 20 19
5330105, 1 18 20, 1302 612 18 20
5170405, 0 18 20, 1161 313 19 20
5169705, 0 18 20, 1245 172 21 21
5168405, 0 18 20, 1245 88 21 20
5488705, 0 18 20, 1716 170 20 20
5169205, 0 18 20, 1245 116 21 20
5167705, 0 18 20, 1245 32 21 20
5167605, 0 18 20, 1245 4 21 20
5166505, 0 18 20, 1106 396 18 20
5486805, 0 18 20, 1603 170 21 20
5167405, 0 18 20, 1161 285 19 20
5487205, 0 18 20, 1660 170 20 20
5166905, 0 18 20, 1161 228 19 21
4525205, 2 18 20, 283 116 17 20
5486105, 0 19 20, 1463 199 20 22
5166705, 0 18 20, 1217 59 20 20
5166405, 0 18 20, 1106 368 18 20
5165605, 0 18 20, 1161 200 19 20
5325205, 1 18 20, 1302 528 18 20
5165505, 0 18 20, 1161 172 19 20
5164805, 0 18 20, 1106 312 18 20
5481205, 1 18 20, 1436 597 18 20
5160905, 0 17 20, 1217 4 20 19
5160805, 0 17 20, 1188 733 20 19
5159305, 0 17 20, 1188 652 20 19
4838905, 0 18 20, 742 169 20 20
5159205, 0 17 20, 1188 627 20 17
5158005, 0 17 20, 1188 600 20 19
5156405, 0 17 20, 1188 519 20 19
4833305, 2 18 20, 691 595 16 20
5153605, 1 18 20, 1106 284 18 20
5146805, 0 17 20, 1188 437 20 19
5145305, 0 17 20, 1188 356 20 19
5145205, 0 17 20, 1188 329 20 19
5142805, 0 17 20, 1188 302 20 19
5142405, 0 17 20, 1188 277 20 17
5299305, 1 18 20, 1722 4 18 20
4819305, 2 18 20, 662 734 17 20
5139605, 1 18 20, 1106 228 18 20
5134005, 0 18 20, 1188 249 21 20
8005, 2 17 13, 16 578 11 17
5132805, 0 17 20, 1188 139 20 19
7205, 2 17 16, 35 303 12 17
5132005, 0 17 20, 1188 112 20 19
6405, 1 17 20, 84 4 18 20
5131205, 0 17 20, 1188 33 20 17
5285305, 1 18 20, 1274 646 19 20
5125605, 0 18 20, 1106 200 18 20
4804405, 0 18 20, 634 606 20 20
5124705, 0 18 20, 1161 88 19 20
5124505, 0 18 20, 1161 60 19 20
2081105, 1 19 23, 1936 496 22 22
5284105, 0 18 20, 1274 533 18 20
5124405, 0 18 20, 1161 32 19 20
2080305, 1 18 23, 1759 702 21 21
5283305, 0 18 20, 1274 477 18 20
5123605, 0 18 20, 1161 4 19 20
5120005, 0 18 20, 1106 60 18 20
4793205, 0 18 20, 634 330 20 20
5113505, 0 18 20, 1132 397 19 20
5113305, 0 18 20, 1132 369 19 20
5113205, 0 18 20, 1132 341 19 20
5111605, 0 18 20, 1132 257 19 20
5110505, 0 18 20, 1132 144 20 20
5110405, 0 18 20, 1132 116 20 20
5109605, 0 18 20, 1132 88 20 20
5108805, 0 18 20, 1132 4 21 20
5108605, 1 18 20, 1106 32 18 20
4466405, 0 18 20, 198 396 19 20
5427305, 0 17 20, 1943 113 20 20
5107905, 1 18 20, 1078 677 19 20
5107605, 1 18 20, 1078 621 17 20
5426905, 0 17 20, 1887 113 20 19
5107505, 1 18 20, 1078 592 18 21
5427105, 0 17 20, 1915 113 20 19
5106805, 1 18 20, 1078 536 18 20
5106405, 1 18 20, 1078 508 18 20
5106005, 1 18 20, 1078 452 17 20
2059905, 0 19 23, 1728 706 23 22
5262905, 0 18 20, 1274 170 20 20
5103205, 1 18 20, 1078 424 18 20
5102505, 0 18 20, 1078 395 20 21
5102005, 0 18 20, 1078 339 20 20
5100505, 0 18 20, 1078 255 20 20
4780105, 0 17 20, 634 59 20 19
5100405, 0 18 20, 1078 229 20 18
5099205, 0 18 20, 1078 116 20 20
5097605, 0 18 20, 1078 4 20 20
5096405, 1 18 20, 1049 650 18 20
5415905, 1 18 20, 1987 85 19 20
5095605, 1 18 20, 1049 622 18 20
5094805, 1 18 20, 1049 538 18 20
4771705, 2 18 20, 606 506 17 20
5092005, 1 18 20, 1049 426 18 20
5090805, 1 18 20, 1049 398 18 20
5248905, 0 18 20, 1245 652 20 20
5089205, 1 18 20, 1049 286 18 20
5407705, 1 18 20, 1436 113 18 21
4768005, 2 18 20, 606 281 17 20
5088305, 0 18 20, 1049 229 20 20
5087205, 0 18 20, 1049 145 20 20
5407505, 1 18 20, 1806 85 18 20
5088005, 0 18 20, 1049 173 20 20
5086505, 0 18 20, 1049 89 20 20
5086405, 0 18 20, 1049 61 20 20
5406005, 1 18 20, 1702 85 18 20
5085705, 0 18 20, 1049 32 20 21
5085205, 0 18 20, 1021 733 20 20
5404705, 1 18 20, 1595 85 19 20
5084405, 0 18 20, 1021 705 20 20
2037505, 0 19 23, 2004 376 22 22
5240505, 0 18 20, 1245 483 19 20
4760505, 2 18 20, 551 735 17 20
5080805, 1 18 20, 1021 539 18 20
5237705, 0 18 20, 1106 452 18 20
4757705, 2 18 20, 551 482 19 20
5078005, 1 18 20, 994 707 18 20
4756905, 2 18 20, 551 426 19 20
5077205, 0 18 20, 1021 452 20 21
5076005, 0 18 20, 1021 340 20 20
5396305, 0 17 20, 1356 659 20 19
4756605, 2 18 20, 551 341 19 21
5076905, 0 18 20, 1021 396 20 20
5076805, 0 18 20, 1021 368 20 20
5075305, 0 18 20, 1021 284 20 20
4754905, 2 18 20, 391 454 16 20
5075205, 0 18 20, 1049 4 21 20
5074005, 0 18 20, 1021 143 20 20
5072405, 0 18 20, 1021 33 20 18
5068505, 1 18 20, 994 482 17 20
5388805, 1 18 20, 1330 709 18 20
4428805, 0 18 20, 139 558 20 20
5069405, 1 18 20, 994 567 18 20
5228105, 0 18 20, 1217 605 20 20
4427805, 0 17 20, 139 475 20 19
5068405, 1 18 20, 994 454 17 20
5226505, 0 18 20, 1217 492 20 20
5066805, 1 18 20, 994 314 17 20
4745605, 0 17 20, 578 572 20 19
5065905, 1 18 20, 994 257 18 20
5065705, 1 18 20, 994 229 18 20
5064105, 1 18 20, 994 117 18 20
5223705, 0 18 20, 1161 454 19 20
5064005, 1 18 20, 884 735 18 20
5063805, 1 18 20, 884 707 18 20
5063305, 1 18 20, 884 650 18 21
5063005, 1 18 20, 994 61 19 20
5062905, 1 18 20, 884 622 17 20
5062805, 1 18 20, 884 594 17 20
5062005, 1 18 20, 884 566 18 20
5061205, 1 18 20, 884 482 17 20
5058405, 1 18 20, 884 454 18 20
5057705, 1 18 20, 994 32 19 21
5056405, 1 18 20, 965 679 19 20
5376705, 1 18 20, 1356 276 19 20
5057305, 1 18 20, 965 735 19 20
5057205, 1 18 20, 965 707 19 20
4735305, 0 17 20, 578 409 20 19
5055605, 1 18 20, 965 595 19 20
5054405, 1 18 20, 884 341 18 20
5052805, 1 18 20, 884 229 18 20
5051705, 1 18 20, 965 453 19 20
5372005, 1 18 20, 1330 653 18 20
5052605, 1 18 20, 965 567 19 20
5052105, 1 18 20, 965 538 20 21
5051605, 1 18 20, 965 425 19 20
5050905, 1 18 20, 965 397 19 20
5050805, 1 18 20, 965 369 19 20
5050605, 1 18 20, 910 737 19 21
5050505, 1 18 20, 910 709 19 20
5050005, 1 18 20, 965 341 20 20
5049305, 0 18 20, 910 624 19 21
5048805, 0 18 20, 910 596 19 20
5047205, 0 18 20, 910 540 19 20
5043205, 0 18 20, 965 229 20 20
4721305, 0 17 20, 578 112 20 19
5041605, 0 17 20, 937 724 20 17
5027705, 0 18 20, 937 696 20 20
5027605, 0 17 20, 937 669 20 19
5024805, 0 17 20, 937 644 20 17
5336005, 0 17 20, 1443 32 20 19
5015705, 0 18 20, 937 615 20 21
4853705, 0 18 20, 742 532 20 20
5494305, 1 18 20, 1436 737 19 20
5015205, 0 18 20, 937 587 20 20
5014405, 0 18 20, 937 559 20 20
5013705, 0 18 20, 937 475 20 20
5013605, 0 17 20, 937 450 20 17
5006005, 0 18 20, 937 422 20 20
5164905, 0 18 20, 1106 340 18 20
5005205, 0 18 20, 910 456 19 20
5004005, 0 18 20, 910 371 19 20
5003205, 0 18 20, 937 394 20 20
5002505, 0 18 20, 910 343 19 20
5002405, 0 18 20, 910 315 19 20
4996105, 0 18 20, 910 286 19 21
4834105, 2 18 20, 691 652 17 20
5474705, 1 18 20, 1881 142 18 20
4995605, 0 18 20, 910 258 19 20
4994405, 0 18 20, 910 230 19 20
5473205, 1 18 20, 1779 142 18 20
4994105, 0 18 20, 910 202 19 20
4993305, 0 18 20, 965 144 21 21
4992805, 0 18 20, 965 116 21 20
4992005, 0 18 20, 965 88 21 20
4991605, 0 18 20, 965 60 21 20
4991205, 0 18 20, 965 4 21 20
4990105, 0 18 20, 884 201 18 20
5310405, 0 18 20, 1330 32 21 20
4991005, 0 18 20, 910 146 19 20
5310805, 0 18 20, 1302 172 20 20
4990505, 0 18 20, 910 117 19 21
5309705, 0 17 20, 1302 144 20 20
4990305, 0 18 20, 937 338 20 20
4990005, 0 18 20, 884 173 18 20
5309305, 0 17 20, 1302 90 20 19
4989905, 0 18 20, 910 88 19 21
4988805, 0 18 20, 910 32 19 20
4988405, 0 18 20, 884 117 18 20
4984905, 0 18 20, 937 309 20 21
4984505, 0 18 20, 937 281 20 20
5463505, 1 18 20, 1517 142 19 20
4984405, 0 18 20, 937 253 20 20
4983705, 0 18 20, 937 225 20 20
4983605, 0 18 20, 937 197 20 20
4662905, 0 17 20, 497 31 20 20
4983205, 0 18 20, 937 169 20 20
4982805, 0 17 20, 937 144 20 17
4982105, 0 18 20, 937 115 20 21
4661605, 0 17 20, 469 727 20 19
4981905, 0 18 20, 937 87 20 20
5460705, 1 18 20, 1408 609 19 20
2098905, 1 18 23, 1997 733 21 20
4981605, 0 18 20, 937 59 20 20
2097305, 1 19 23, 1936 704 21 22
4980005, 0 17 20, 937 4 20 19
5299605, 1 18 20, 1748 4 18 20
4979305, 1 18 20, 884 88 18 21
2096105, 1 18 23, 1996 645 22 21
4978805, 1 18 20, 884 32 18 20
5298305, 1 18 20, 1668 4 19 20
4978005, 1 18 20, 884 4 18 20
2094505, 0 19 23, 1966 645 22 22
4977205, 1 18 20, 828 679 18 20
5296805, 0 18 20, 1565 4 19 20
4976505, 1 18 20, 828 650 18 21
4976005, 1 18 20, 828 622 18 20
4974805, 1 18 20, 828 566 18 20
2091705, 1 18 23, 1877 615 22 21
4974405, 1 18 20, 828 538 18 20
6505, 0 17 14, 35 176 15 17
5131305, 0 17 20, 1188 58 20 19
2088905, 1 18 23, 1848 585 21 20
4971605, 1 18 20, 828 510 18 20
5290805, 1 18 20, 1513 4 19 20
2088705, 1 18 23, 2020 526 22 20
4971405, 0 18 20, 855 729 20 20
5305, 1 17 13, 16 262 11 18
5450405, 0 17 20, 1408 333 20 19
4971305, 0 18 20, 855 701 20 20
4971105, 0 18 20, 855 673 20 20
5290105, 1 18 20, 1302 61 18 21
4650405, 2 18 20, 469 451 18 20
4970705, 0 18 20, 855 616 20 20
2087705, 1 18 23, 1964 526 21 21
4970405, 0 18 20, 855 588 20 20
4969505, 0 18 20, 855 532 20 20
4968905, 0 18 20, 855 476 20 20
2086105, 1 19 23, 1908 555 21 22
4968805, 0 17 20, 855 449 20 19
2085405, 1 19 23, 1819 675 21 22
5288405, 1 18 20, 1383 4 18 20
4968105, 0 18 20, 855 420 20 21
2084305, 1 18 23, 1789 646 22 21
5287305, 1 18 20, 1302 32 20 21
5127605, 0 18 20, 1188 4 21 21
2085205, 1 19 23, 1819 615 21 22
4967905, 0 18 20, 855 392 20 20
5287105, 1 18 20, 1329 4 19 20
4966805, 0 18 20, 855 336 20 20
4966005, 0 17 20, 855 283 20 17
5111705, 0 18 20, 1132 285 19 20
4631705, 0 17 20, 469 59 20 19
4952005, 0 18 20, 828 370 19 20
5110905, 0 18 20, 1132 200 21 21
4951205, 0 18 20, 855 4 21 21
4950005, 0 18 20, 828 342 19 20
4949605, 0 18 20, 828 314 19 20
5108905, 0 18 20, 1132 32 20 20
4949205, 0 18 20, 828 286 18 20
5108205, 1 18 20, 1106 4 18 20
2065805, 0 19 23, 1940 466 22 22
4948505, 0 18 20, 828 257 19 21
5108005, 1 18 20, 1078 705 20 21
4628005, 0 18 20, 441 628 20 20
4948305, 0 18 20, 828 229 19 20
5107705, 1 18 20, 1078 649 17 20
4948005, 0 18 20, 828 173 19 20
5106905, 1 18 20, 1078 564 17 20
4947205, 0 18 20, 828 145 19 20
4946805, 0 18 20, 828 117 19 20
5106105, 1 18 20, 1078 480 17 20
4946405, 0 18 20, 828 61 19 20
5425305, 0 17 20, 1775 113 20 19
4945305, 0 18 20, 799 708 18 20
5265605, 1 18 20, 1106 621 18 20
4946205, 0 18 20, 828 33 19 20
4945205, 0 18 20, 799 680 18 20
4944405, 0 18 20, 799 652 19 20
2061305, 0 19 23, 1789 466 23 22
4944005, 0 18 20, 799 624 19 20
4943705, 0 18 20, 716 708 18 20
2057005, 0 19 23, 1728 586 22 22
4939705, 0 18 20, 799 511 20 20
5260005, 0 17 20, 1274 117 20 17
4940605, 0 18 20, 799 596 20 20
4940105, 0 18 20, 799 567 20 21
5098405, 0 18 20, 1078 88 20 20
5418705, 1 18 20, 1618 113 18 20
4939605, 0 18 20, 799 483 20 20
4938805, 0 18 20, 799 455 20 20
5097705, 0 18 20, 1078 32 20 20
4938005, 0 18 20, 799 399 20 20
5417205, 1 18 20, 1514 113 18 20
5096905, 1 18 20, 1049 734 18 21
4937205, 0 18 20, 799 341 21 21
4616805, 0 18 20, 441 436 20 20
4937105, 0 18 20, 799 313 19 20
4936805, 0 18 20, 799 257 19 20
4936005, 0 18 20, 799 229 19 20
4935605, 0 18 20, 799 201 19 20
5414405, 1 18 20, 1885 85 18 20
4935305, 0 18 20, 799 173 19 20
4454305, 0 17 20, 170 662 20 19
5094905, 1 18 20, 1049 566 18 20
2052505, 0 19 23, 1879 436 23 22
4935205, 0 18 20, 799 145 19 20
5093705, 1 18 20, 1049 510 18 20
5414005, 1 18 20, 1859 85 18 20
2052205, 0 19 23, 1848 436 23 22
4934905, 0 18 20, 799 117 21 20
4934505, 0 18 20, 799 88 21 21
2051305, 0 19 23, 1759 436 21 22
4934005, 0 18 20, 799 4 21 20
2050505, 1 19 23, 1698 676 21 22
4933205, 0 18 20, 770 671 21 20
4932405, 0 18 20, 770 587 21 20
5250705, 0 18 20, 1274 4 20 20
4930405, 2 18 20, 716 623 18 20
4930005, 2 18 20, 716 595 18 20
5089305, 1 18 20, 1049 314 18 20
6531105, 6 17 23, 16 32 11 18
4929605, 1 18 20, 716 567 18 20
4925605, 0 18 20, 770 559 20 20
4604105, 0 17 20, 441 219 20 20
4924405, 0 18 20, 770 531 20 20
4910805, 0 18 20, 770 422 20 20
4426305, 0 17 20, 139 285 20 19
5066905, 1 18 20, 994 342 17 20
4907205, 0 17 20, 770 285 20 17
2014105, 1 19 23, 1692 286 21 22
4896805, 0 18 20, 770 228 20 20
2007005, 1 19 23, 1930 256 20 22
4889705, 1 18 20, 716 510 18 21
5047305, 0 18 20, 910 568 19 20
4887605, 1 18 20, 716 482 18 20
2485905, 1 19 23, 139 58 22 22
4728005, 1 18 20, 551 117 18 20
4407705, 1 18 20, 84 165 18 20
2004105, 1 19 23, 1517 583 21 22
4886805, 2 18 20, 770 146 19 21
2002905, 1 18 23, 1517 466 21 21
4885605, 2 18 20, 716 454 18 20
4878505, 1 18 20, 716 369 18 21
4877205, 1 18 20, 770 118 19 20
4875605, 1 18 20, 770 60 20 21
4874405, 1 18 20, 742 724 20 20
4711205, 2 18 20, 525 483 17 20
4870905, 2 18 20, 691 708 16 20
4860405, 1 18 20, 716 144 18 20
5172505, 0 18 20, 1161 341 19 21
4533705, 2 18 20, 283 425 16 20
4532805, 2 18 20, 283 313 17 20
4853105, 0 18 20, 742 475 20 20
4852005, 0 18 20, 742 391 20 20
5484405, 0 18 20, 1491 170 20 20
4525305, 2 18 20, 283 144 17 20
4845605, 1 18 20, 716 60 18 20
4521705, 2 18 20, 255 555 18 20
4842005, 0 18 20, 742 254 20 21
4838005, 0 18 20, 742 113 20 20
2030305, 0 19 23, 1969 346 22 22
4592705, 2 18 20, 415 4 18 20
2029405, 0 19 23, 1878 346 23 22
5232405, 1 18 20, 1245 286 19 20
4912105, 0 18 20, 770 450 20 21
4832405, 2 18 20, 691 567 17 20
4831705, 2 18 20, 691 511 16 20
4830905, 2 18 20, 691 454 17 21
4910105, 0 18 20, 770 366 20 20
4989205, 0 18 20, 910 60 19 20
5309505, 0 17 20, 1302 117 20 19
4830405, 2 18 20, 691 398 17 20
2026605, 0 19 23, 1607 705 22 22
5229605, 0 18 20, 1161 680 19 20
4909305, 0 18 20, 770 310 20 21
4829605, 2 18 20, 691 370 17 20
4829505, 2 18 20, 691 342 17 20
4988505, 0 18 20, 884 145 18 20
4828805, 2 18 20, 691 258 17 20
4828205, 2 18 20, 691 230 17 20
5147305, 0 17 20, 1188 491 20 20
4827905, 2 18 20, 716 4 18 20
5466405, 1 18 20, 1436 199 19 21
4827605, 2 18 20, 691 145 16 20
5147105, 0 17 20, 1188 464 20 19
4826805, 2 18 20, 691 117 17 20
5465205, 1 18 20, 1622 142 18 20
4826405, 2 18 20, 691 89 17 20
4819205, 2 18 20, 662 706 17 20
4578705, 2 18 20, 308 538 18 20
2015405, 0 19 23, 1808 286 23 22
4898105, 0 18 20, 770 256 20 21
4818405, 2 18 20, 662 678 17 20
12405, 2 18 6, 4 146 2 24
4816905, 2 18 20, 662 537 19 21
2013405, 1 19 23, 1546 696 21 22
4896105, 0 18 20, 770 200 20 20
11905, 0 13 17, 59 322 17 13
4816405, 2 18 20, 662 453 18 20
11105, 1 13 13, 59 135 12 14
4815605, 2 18 20, 662 369 18 20
4975205, 1 18 20, 828 594 18 20
823005, 1 3 19, 59 495 16 4
11005, 1 13 14, 59 114 11 13
4815505, 2 18 20, 662 341 18 20
9805, 1 18 13, 35 654 12 19
4814305, 2 18 20, 662 173 17 20
5453605, 0 17 20, 1408 360 20 19
8505, 2 17 16, 35 509 13 18
5133305, 0 17 20, 1188 193 20 20
9405, 0 17 12, 35 635 12 11
4813905, 2 18 20, 662 116 18 20
8305, 1 17 12, 16 603 10 18
4812805, 2 18 20, 662 88 17 20
8205, 2 17 14, 35 459 12 17
4812705, 2 18 20, 662 60 17 20
2090005, 1 18 23, 1907 585 22 21
4652405, 2 18 20, 469 536 17 20
7605, 2 17 11, 16 553 9 17
4812105, 2 18 20, 391 679 16 20
4807205, 0 18 20, 634 713 20 20
4405805, 0 18 20, 110 456 21 20
4884905, 2 18 20, 716 426 17 20
2081305, 1 19 23, 1966 496 22 22
5284305, 0 18 20, 1274 561 19 20
4805205, 0 17 20, 634 634 20 19
5439605, 0 17 20, 1408 142 20 19
4800805, 1 18 20, 634 524 18 20
4716005, 2 18 20, 551 60 18 21
4875705, 1 18 20, 770 89 20 21
5005, 1 17 13, 16 237 11 17
4796005, 1 18 20, 634 496 18 20
4954905, 0 18 20, 855 58 20 20
4205, 0 18 13, 35 81 12 11
4474905, 1 18 20, 198 620 18 20
4795205, 1 18 20, 634 440 18 20
4459305, 1 18 20, 198 87 17 20
5099905, 0 18 20, 1078 201 20 20
4461105, 1 18 20, 198 199 19 20
5100805, 0 18 20, 1078 283 20 20
4780505, 0 17 20, 634 113 20 20
5420005, 1 18 20, 1696 113 18 20
5099705, 0 18 20, 1078 172 20 21
4460005, 1 18 20, 198 143 18 20
4780305, 0 17 20, 634 86 20 19
4780005, 0 17 20, 634 32 20 19
5099505, 0 18 20, 1078 144 20 20
4779205, 0 18 20, 634 4 20 20
4455505, 0 17 20, 198 4 20 19
5095205, 1 18 20, 1049 594 18 20
4774905, 2 18 20, 606 647 17 21
4533905, 2 18 20, 308 145 18 20
4533005, 2 18 20, 283 341 16 20
4853305, 0 18 20, 742 503 20 21
2050605, 0 19 23, 1698 706 22 22
4933305, 0 18 20, 770 699 21 20
4773605, 2 18 20, 606 619 17 20
4931705, 2 18 20, 716 651 17 21
5252005, 0 18 20, 1274 61 20 20
4613205, 0 17 20, 441 330 20 17
4772905, 2 18 20, 391 623 16 20
5330405, 1 18 20, 1302 640 18 20
4691605, 1 18 20, 497 521 18 20
4851305, 0 18 20, 742 335 20 20
4771605, 2 18 20, 606 478 17 20
4770805, 2 18 20, 606 450 17 20
5088505, 0 18 20, 1049 257 20 21
4770005, 2 18 20, 606 366 17 20
4449705, 1 18 20, 170 446 18 20
3491505, 0 19 23, 139 148 23 22
4448805, 1 18 20, 170 418 18 20
4769105, 2 18 20, 606 309 18 20
4768805, 2 18 20, 391 567 16 20
4607605, 1 18 20, 415 342 18 20
4767305, 2 18 20, 391 539 16 20
4441505, 0 17 20, 170 166 20 19
4440605, 0 17 20, 170 85 20 19
5081205, 1 18 20, 1021 567 18 20
4760905, 2 18 20, 606 196 17 21
2036505, 0 19 23, 1943 376 22 22
5239505, 0 18 20, 1245 427 19 20
4760405, 2 18 20, 551 707 17 20
5159605, 0 17 20, 1188 679 20 19
4839305, 0 18 20, 742 225 20 21
5079905, 1 18 20, 994 735 18 20
4759605, 2 18 20, 551 679 17 20
5238005, 0 18 20, 1245 371 19 20
4758905, 2 18 20, 551 623 17 20
4758205, 2 18 20, 551 567 19 20
4758105, 2 18 20, 551 538 19 21
5476405, 1 18 20, 1985 142 18 20
4837605, 0 18 20, 742 85 20 20
5077305, 0 18 20, 1021 481 20 21
4757905, 2 18 20, 551 510 19 20
5156805, 0 17 20, 1188 546 20 19
4518005, 1 18 20, 255 303 18 20
4837405, 0 18 20, 742 57 20 20
4756805, 2 18 20, 551 398 19 20
5077105, 0 18 20, 1021 424 20 20
4837305, 0 18 20, 742 29 20 20
4757605, 2 18 20, 551 454 19 20
4756705, 2 18 20, 551 370 19 20
5395205, 0 18 20, 1356 604 20 20
4436105, 1 18 20, 139 643 18 21
4756405, 2 18 20, 551 313 19 20
4754805, 2 18 20, 391 426 16 20
5392405, 0 18 20, 1356 495 20 20
4433305, 1 18 20, 84 644 18 21
4753605, 2 18 20, 551 201 17 20
2031205, 1 19 23, 1638 466 21 22
4593605, 2 18 20, 415 89 17 20
4753305, 2 18 20, 391 398 16 20
5070005, 1 18 20, 994 623 18 20
4749705, 0 17 20, 606 85 20 20
4829205, 2 18 20, 691 314 17 20
2025605, 0 19 23, 1607 615 22 22
5228605, 0 18 20, 1217 690 20 20
5068905, 1 18 20, 994 538 18 21
4429205, 0 18 20, 139 586 20 20
4749505, 0 17 20, 606 58 20 19
5308005, 0 17 20, 1959 4 20 19
4828905, 2 18 20, 691 286 17 20
5228305, 0 18 20, 1217 633 20 20
4749205, 0 17 20, 606 4 20 19
4828105, 2 18 20, 691 201 17 21
5068705, 1 18 20, 994 510 19 20
4748405, 0 17 20, 578 733 20 19
2023805, 0 19 23, 2000 316 23 22
5226805, 1 18 20, 1161 596 19 20
4747705, 0 17 20, 578 679 20 19
4427505, 0 17 20, 139 420 20 19
5067205, 1 18 20, 994 398 18 20
4746905, 0 17 20, 578 626 20 20
4666405, 1 18 20, 497 59 18 20
4826105, 2 18 20, 691 61 16 20
4746405, 0 17 20, 578 599 20 19
2021005, 0 19 23, 1728 316 22 22
5224005, 0 18 20, 1217 436 20 20
4744905, 0 17 20, 578 518 20 19
5380805, 0 17 20, 1356 358 20 19
4582305, 2 18 20, 362 482 19 21
4421705, 1 18 20, 59 703 17 20
4742005, 1 18 20, 551 145 18 20
8905, 0 17 12, 35 585 13 17
5454005, 0 17 20, 1408 387 20 19
10705, 1 18 11, 59 88 11 18
4815205, 2 18 20, 662 313 18 20
5054905, 1 18 20, 884 425 18 21
4416105, 1 18 20, 59 591 17 20
4415205, 1 18 20, 84 278 18 20
4735505, 0 17 20, 578 436 20 19
10405, 1 18 14, 59 30 11 18
4814905, 2 18 20, 662 257 18 20
4735205, 0 17 20, 578 382 20 19
821605, 0 17 4, 4 79 4 7
4814105, 2 18 20, 662 144 17 21
5054705, 1 18 20, 884 397 18 20
4734405, 0 17 20, 578 355 20 19
5051905, 1 18 20, 965 481 19 20
4731605, 0 17 20, 578 219 20 19
4730805, 0 17 20, 578 194 20 17
5366805, 0 17 20, 1356 112 20 19
4721505, 0 17 20, 578 139 20 19
5360105, 2 18 20, 1330 624 17 21
4721205, 0 17 20, 578 85 20 19
4720405, 0 17 20, 578 58 20 19
5358405, 2 18 20, 1330 484 17 20
4719605, 0 17 20, 497 746 20 17
5355605, 2 18 20, 1330 259 17 20
4716805, 2 18 20, 551 89 17 20
5514105, 0 19 20, 1463 691 20 22
4875305, 1 18 20, 770 32 20 20
4715605, 2 18 20, 391 285 16 20
4704905, 2 18 20, 525 342 18 21
4543205, 0 17 20, 334 4 20 17
4702905, 2 18 20, 525 314 18 20
5341605, 0 18 20, 1578 32 19 20
4702805, 1 18 20, 551 4 19 20
4702105, 2 18 20, 525 285 17 21
4701705, 2 18 20, 525 229 17 20
4539205, 2 18 20, 308 201 16 20
5500105, 0 19 20, 1463 259 20 22
4701605, 2 18 20, 525 201 17 20
4540405, 2 18 20, 308 286 17 20
4700105, 2 18 20, 525 145 17 20
4699305, 2 18 20, 525 60 18 21
5019205, 0 18 20, 910 512 19 20
4698905, 2 18 20, 525 4 18 20
4778505, 0 17 20, 606 701 20 19
4698805, 2 18 20, 497 718 18 20
4697205, 1 18 20, 497 606 20 20
2046205, 1 19 23, 1698 466 21 22
5249205, 0 18 20, 1245 680 20 20
4610405, 1 18 20, 415 370 18 20
4770105, 2 18 20, 606 394 17 20
4528005, 2 18 20, 308 60 18 20
5488905, 0 18 20, 1744 170 20 21
4690405, 0 17 20, 497 467 20 19
4449905, 1 18 20, 170 474 19 20
5089605, 1 18 20, 1049 342 18 20
4769305, 2 18 20, 606 337 17 21
4689605, 0 17 20, 497 440 20 19
4689205, 0 17 20, 497 386 20 19
5168005, 0 18 20, 1245 60 21 20
4688905, 0 17 20, 497 359 20 19
4684805, 1 18 20, 497 306 18 20
5322005, 0 17 20, 1302 336 20 19
4683205, 1 18 20, 497 278 18 20
4676905, 0 17 20, 497 250 20 20
4756105, 2 18 20, 551 285 19 20
4514005, 0 17 20, 255 222 20 19
5474905, 1 18 20, 1436 286 17 21
4676405, 0 17 20, 497 223 20 19
5074505, 0 18 20, 1021 227 20 21
5394805, 0 17 20, 1356 577 20 19
4756005, 1 18 20, 606 140 20 20
4676305, 0 17 20, 497 195 20 20
5074705, 0 18 20, 1021 256 20 20
5075605, 0 18 20, 1021 312 20 20
4755305, 2 18 20, 391 482 16 21
4675605, 0 17 20, 497 168 20 19
4674805, 0 17 20, 497 87 20 19
4500005, 0 17 20, 226 745 20 19
5460905, 1 18 20, 1408 637 18 21
4662405, 0 17 20, 497 4 20 19
2011605, 1 18 23, 1546 492 21 20
4574005, 1 18 20, 308 370 18 20
4733705, 0 17 20, 578 301 20 19
4654005, 2 18 20, 469 592 17 20
5053205, 1 18 20, 884 285 18 20
4732905, 0 17 20, 578 246 20 20
2090805, 1 19 23, 1848 729 21 22
4653205, 2 18 20, 469 564 18 20
2089205, 1 19 23, 1877 585 22 22
4651605, 2 18 20, 469 507 19 21
2088205, 2 18 23, 1993 526 19 21
4970905, 0 18 20, 855 644 20 21
2089105, 1 18 23, 1848 613 21 21
4651505, 2 18 20, 469 479 18 20
18305, 1 10 6, 4 178 4 4
2087205, 2 18 23, 1908 526 19 21
4649605, 2 18 20, 469 395 17 20
4816505, 2 18 20, 662 481 18 20
12005, 0 13 12, 59 343 12 13
2080905, 1 19 23, 1907 496 21 22
4643305, 2 18 20, 469 366 17 21
5121005, 0 18 20, 1106 116 18 20
5441305, 0 17 20, 1408 277 20 20
5121905, 0 18 20, 1132 595 20 20
11505, 0 13 10, 59 232 10 14
2080405, 1 18 23, 1759 731 21 21
4642805, 2 18 20, 415 735 17 20
5042005, 0 18 20, 965 173 20 20
4721705, 0 17 20, 578 166 20 20
4642005, 2 18 20, 415 707 18 20
9905, 1 13 11, 16 719 9 14
4641205, 2 18 20, 415 679 17 20
4640505, 1 18 20, 469 309 20 21
5358805, 2 18 20, 1330 512 17 20
4720005, 0 17 20, 578 31 20 19
9005, 0 17 12, 35 610 12 17
4640305, 1 18 20, 469 281 20 20
4719705, 0 17 20, 578 4 20 19
8705, 0 17 20, 110 4 21 17
4640005, 1 18 20, 469 253 20 20
4812405, 2 18 20, 662 32 17 20
7905, 1 17 17, 35 403 15 18
4639205, 1 18 20, 469 225 20 20
4812005, 2 18 20, 391 651 16 20
7505, 2 17 13, 35 328 12 17
4638805, 1 18 20, 469 197 20 20
7105, 1 17 16, 35 277 14 18
4638405, 2 18 20, 469 141 19 20
4956905, 0 18 20, 855 226 20 21
6205, 1 15 13, 16 427 11 13
2080505, 1 19 23, 1820 496 21 22
4963205, 1 18 20, 828 454 18 20
2721105, 0 19 23, 139 118 23 22
4637505, 2 18 20, 415 622 18 20
4490105, 1 18 20, 226 556 18 20
5905, 0 13 6, 16 366 5 16
4637205, 2 18 20, 391 88 16 20
4716105, 2 18 20, 391 341 16 21
4489305, 0 18 20, 226 499 20 21
5105, 0 17 13, 35 100 12 18
4956705, 0 18 20, 855 198 20 20
4636405, 2 18 20, 415 594 17 20
4715705, 2 18 20, 391 313 16 20
4705, 0 17 9, 16 161 9 17
4636005, 2 18 20, 415 566 17 20
4794505, 0 17 20, 634 412 20 20
5114805, 0 18 20, 1132 482 20 20
4405, 0 3 6, 16 136 5 6
4476005, 0 18 20, 198 705 19 20
4635705, 2 18 20, 391 60 16 20
4305, 1 14 13, 16 116 11 12
4635605, 2 18 20, 391 32 16 20
5263205, 0 18 20, 1274 198 20 20
4943805, 0 18 20, 716 736 18 20
4624405, 1 18 20, 415 482 18 20
4938405, 0 18 20, 799 427 20 20
4618105, 0 17 20, 441 518 20 20
5336405, 0 17 20, 1471 32 20 19
4697605, 2 18 20, 497 662 18 20
4937305, 0 18 20, 799 370 19 21
4617905, 0 17 20, 441 491 20 19
4537605, 2 18 20, 283 707 16 20
4697305, 2 18 20, 497 634 18 20
4455205, 0 17 20, 170 716 20 19
5416105, 1 18 20, 1462 113 18 21
5096705, 1 18 20, 1049 706 19 20
4617605, 0 17 20, 441 464 20 19
4696505, 2 18 20, 497 577 17 21
4616005, 0 17 20, 441 355 20 19
4612005, 1 18 20, 415 454 18 20
4612305, 1 18 20, 441 302 19 20
4611205, 1 18 20, 415 426 18 20
5249605, 0 18 20, 1245 708 20 20
4610805, 1 18 20, 415 398 18 20
5083605, 0 18 20, 1021 623 20 18
2042105, 0 19 23, 1668 646 22 22
4604505, 0 18 20, 441 274 20 20
5402805, 1 18 20, 1432 85 20 20
2041905, 0 19 23, 1822 406 23 22
4604305, 0 17 20, 441 247 20 19
4441205, 0 17 20, 170 112 20 19
5402105, 2 18 20, 1384 113 16 21
5082705, 1 18 20, 1021 595 19 20
4603605, 0 17 20, 441 138 20 19
4602805, 0 18 20, 441 110 20 20
5240805, 0 18 20, 1245 511 19 20
2039605, 0 19 23, 1760 406 23 22
4602005, 0 17 20, 441 4 20 17
4596805, 2 18 20, 415 314 17 20
4755105, 2 18 20, 551 257 17 20
4595705, 2 18 20, 415 285 17 21
2031105, 0 19 23, 1638 436 22 22
5234105, 0 18 20, 1245 342 20 21
4435605, 1 18 20, 84 729 18 20
2032905, 0 19 23, 1761 376 23 22
4595305, 2 18 20, 415 229 17 20
4674905, 0 17 20, 497 114 20 19
4754005, 2 18 20, 551 229 17 20
5074305, 0 18 20, 1021 199 20 20
4595205, 2 18 20, 415 201 17 20
4513205, 0 17 20, 255 195 20 19
4833505, 2 18 20, 716 32 18 20
2032005, 0 19 23, 1638 586 22 22
4594405, 2 18 20, 415 173 17 20
5071505, 1 18 20, 994 679 18 20
4592405, 2 18 20, 362 736 16 20
4591005, 2 18 20, 362 652 16 20
4910405, 0 18 20, 770 394 20 20
4830705, 2 18 20, 691 426 17 20
4591605, 2 18 20, 362 708 17 20
4910005, 0 17 20, 770 339 20 19
5230005, 0 18 20, 1161 708 19 20
4591205, 2 18 20, 362 680 17 20
4431205, 1 18 20, 84 588 18 20
2028505, 0 19 23, 1819 346 22 22
4590905, 2 18 20, 362 624 16 20
5229305, 0 18 20, 1161 652 19 20
4749305, 0 17 20, 606 31 20 19
5069605, 1 18 20, 994 595 18 20
4750205, 0 17 20, 606 113 20 19
2028405, 0 19 23, 1789 346 22 22
4590805, 2 18 20, 362 596 16 20
4424705, 1 18 20, 84 560 18 20
5063205, 1 18 20, 1021 4 20 21
4584105, 2 18 20, 362 511 17 20
4421605, 1 18 20, 59 675 17 20
5382505, 0 17 20, 1356 413 20 20
4422505, 1 18 20, 84 532 18 20
5063105, 1 18 20, 994 89 19 20
4584005, 2 18 20, 308 735 17 20
2020405, 0 19 23, 1668 316 22 22
4582805, 2 18 20, 308 679 17 20
5061605, 1 18 20, 884 538 18 20
4422805, 0 18 20, 139 178 19 20
4582505, 2 18 20, 308 651 17 20
4582405, 2 18 20, 308 623 17 20
4422005, 1 18 20, 110 737 20 21
4581705, 2 18 20, 362 425 19 21
2017905, 0 19 23, 1576 465 23 21
4580305, 2 18 20, 362 229 19 20
4580005, 2 18 20, 362 201 19 20
4420405, 0 18 20, 110 709 19 20
4499205, 0 17 20, 226 718 20 19
4819505, 2 18 20, 691 4 17 20
4500105, 0 17 20, 255 4 20 19
4420105, 1 18 20, 59 647 17 20
2017405, 0 19 23, 1576 406 23 22
4579805, 2 18 20, 362 173 19 20
4637705, 2 18 20, 415 650 17 21
4558005, 0 18 20, 334 420 20 20
5515205, 1 18 20, 1491 199 18 20
4876405, 1 18 20, 716 341 18 20
6005, 1 15 13, 16 390 11 13
4637305, 2 18 20, 391 116 16 20
4557605, 0 18 20, 334 392 20 20
4557305, 0 18 20, 334 364 20 20
4557205, 0 17 20, 334 337 20 19
4605, 1 3 6, 4 45 4 4
4475305, 1 18 20, 198 676 18 21
4795605, 1 18 20, 634 468 18 20
4556505, 0 18 20, 334 308 20 21
4714105, 2 18 20, 391 257 16 20
4554405, 0 17 20, 334 283 20 17
5190405, 0 17 20, 1217 139 20 19
4711305, 2 18 20, 525 511 17 20
4551605, 1 18 20, 308 314 18 20
4546005, 0 18 20, 362 4 21 20
4865605, 0 18 20, 742 612 20 20
4545305, 0 18 20, 334 197 20 21
4465205, 0 18 20, 198 368 19 20
4865205, 0 17 20, 742 587 20 17
4544905, 0 18 20, 334 141 20 20
4544005, 0 18 20, 334 85 20 20
5178905, 0 18 20, 1161 370 19 20
4699805, 2 18 20, 525 89 18 20
2096405, 0 18 23, 1936 675 23 21
4979105, 1 18 20, 910 4 19 20
4420005, 1 18 20, 59 619 17 20
2017305, 0 19 23, 1576 376 22 22
4579705, 2 18 20, 362 145 19 20
4540005, 2 18 20, 308 258 16 20
4532105, 2 18 20, 283 257 16 20
5406405, 1 18 20, 1728 85 18 20
4767605, 2 18 20, 606 253 17 20
4528505, 2 18 20, 308 88 18 21
5005605, 0 18 20, 910 484 19 20
4526505, 2 18 20, 308 32 18 20
4523605, 2 18 20, 283 4 17 20
4602705, 0 17 20, 441 83 20 19
4523005, 2 18 20, 255 725 18 20
4443205, 1 18 20, 170 277 18 20
4522905, 2 18 20, 255 696 18 21
4522805, 1 18 20, 255 667 19 21
4442805, 1 18 20, 170 249 18 20
5161305, 0 17 20, 1217 31 20 20
4522505, 2 18 20, 255 611 18 20
4441305, 0 17 20, 170 139 20 19
4440405, 0 17 20, 170 58 20 19
4760705, 2 18 20, 606 168 17 20
4521605, 2 18 20, 255 527 18 20
5478805, 1 18 20, 1436 456 18 20
4840005, 0 18 20, 770 4 21 20
5160005, 0 17 20, 1188 706 20 19
4521205, 2 18 20, 255 499 18 20
5479205, 1 18 20, 1436 484 18 20
4521005, 2 18 20, 255 471 18 20
4520805, 2 18 20, 255 415 18 20
1996905, 1 18 23, 1671 199 21 20
4559305, 0 18 20, 334 476 20 21
5476005, 1 18 20, 1959 142 18 20
4837205, 0 17 20, 742 4 20 17
4518405, 1 18 20, 255 359 19 20
4518105, 1 18 20, 255 331 18 20
4514305, 0 17 20, 255 249 20 19
4833705, 2 18 20, 691 623 17 21
4994005, 0 18 20, 910 174 19 20
4514905, 0 17 20, 255 276 20 19
5232805, 0 18 20, 1245 314 20 20
2031605, 0 19 23, 1638 556 22 22
4594005, 2 18 20, 415 145 17 20
5072805, 0 18 20, 1021 87 20 20
4434005, 1 18 20, 84 673 18 20
2031305, 1 19 23, 1638 496 21 22
4593705, 2 18 20, 415 117 17 20
5312505, 0 18 20, 1302 200 20 21
4832005, 2 18 20, 691 539 17 20
2030505, 0 19 23, 1638 376 22 22
4592905, 2 18 20, 415 32 17 21
4991305, 0 18 20, 965 32 21 20
4831605, 2 18 20, 691 483 16 20
5231305, 0 18 20, 1245 229 19 21
2030105, 0 19 23, 1909 346 22 22
4592505, 2 18 20, 391 4 16 20
4512805, 0 17 20, 255 168 20 19
4512405, 0 16 20, 255 144 20 16
5145605, 0 17 20, 1188 383 20 19
4506805, 1 18 20, 255 116 18 20
4819705, 2 18 20, 691 32 17 21
2018205, 0 19 23, 1576 554 22 22
4580605, 2 18 20, 362 313 19 20
2098505, 2 18 23, 1998 675 19 20
4660905, 0 17 20, 469 673 20 19
4501205, 1 18 20, 255 59 18 20
2347805, 1 19 23, 110 29 21 22
2017005, 0 19 23, 1576 316 23 22
4579405, 2 18 20, 308 595 17 20
5417605, 1 18 20, 1540 113 18 20
4778805, 0 17 20, 606 728 20 19
4699105, 2 18 20, 525 32 18 20
4539705, 2 18 20, 308 229 17 21
4818005, 2 18 20, 662 650 17 20
4419205, 1 18 20, 110 680 20 21
2016505, 0 19 23, 1959 286 22 22
4578905, 2 18 20, 308 566 17 21
4977305, 1 18 20, 828 707 18 20
4817605, 2 18 20, 662 594 17 20
4419105, 1 18 20, 84 447 18 20
4498805, 0 17 20, 226 691 20 19
4409605, 0 18 20, 110 540 20 20
4486505, 0 17 20, 226 333 20 20
4806805, 0 17 20, 634 686 20 19
3805, 1 17 16, 35 55 15 18
4488005, 0 18 20, 226 471 20 20
5126005, 0 18 20, 1161 116 19 20
4487205, 0 18 20, 226 415 21 20
5165205, 0 18 20, 1161 144 19 20
4526405, 2 18 20, 308 4 18 20
5285205, 1 18 20, 1274 618 20 20
4486605, 0 17 20, 226 361 20 19
4406805, 1 18 20, 84 109 18 20
4405705, 0 18 20, 110 428 21 20
4884805, 1 18 20, 716 398 18 20
4486305, 0 17 20, 226 306 20 19
4406405, 1 18 20, 84 81 18 20
4806405, 0 17 20, 634 661 20 17
4486105, 0 17 20, 226 279 20 19
4525705, 2 18 20, 283 200 17 21
5284505, 0 18 20, 1274 589 18 21
4965105, 1 18 20, 828 482 19 20
4486005, 0 17 20, 226 252 20 19
4638505, 1 18 20, 469 169 20 20
4478805, 1 18 20, 198 733 18 20
5192105, 0 17 20, 1217 193 20 20
5512405, 0 18 20, 1463 547 20 20
4873605, 1 18 20, 742 668 20 20
4808005, 0 17 20, 634 741 20 19
3505, 0 17 15, 35 30 15 17
4475105, 1 18 20, 198 648 19 20
4873705, 1 18 20, 742 696 20 20
4714005, 2 18 20, 525 708 17 20
5122105, 0 18 20, 1132 623 19 21
11705, 1 13 14, 59 279 11 14
5113705, 0 18 20, 1132 425 19 21
3305, 1 17 6, 4 4 4 18
4474005, 1 18 20, 198 564 19 20
4794305, 0 17 20, 634 385 20 19
11605, 0 16 8, 59 254 8 17
4474805, 1 18 20, 198 592 18 20
4792405, 0 17 20, 634 222 20 19
5440205, 0 17 20, 1408 196 20 19
5441105, 0 17 20, 1408 250 20 19
5120805, 0 18 20, 1132 567 19 20
4473605, 1 18 20, 198 536 19 20
4792505, 0 17 20, 634 249 20 19
4632805, 1 18 20, 415 538 18 20
5440005, 0 17 20, 1408 169 20 19
5455305, 0 17 20, 1408 441 20 20
10205, 0 18 8, 35 703 9 18
4792805, 0 17 20, 634 276 20 19
4473405, 1 18 20, 198 508 18 20
10105, 1 13 12, 35 681 11 14
4473305, 1 18 20, 198 480 18 20
5120405, 0 18 20, 1132 539 19 20
4814505, 2 18 20, 662 201 17 20
10005, 1 18 13, 16 741 11 19
5112005, 0 18 20, 1132 313 19 20
4473205, 1 18 20, 198 452 18 20
5504005, 1 18 20, 1463 289 18 20
4545805, 0 18 20, 334 226 20 20
5264905, 0 18 20, 1274 282 20 21
4945505, 0 18 20, 799 736 20 20
2021905, 0 19 23, 1819 316 22 22
4584305, 2 18 20, 362 539 17 20
4464805, 0 18 20, 198 340 19 20
4943605, 0 18 20, 716 680 18 20
4464505, 1 18 20, 198 312 20 20
2020805, 0 19 23, 1698 316 22 22
4583205, 2 18 20, 308 707 17 20
4464105, 0 18 20, 226 144 21 21
4463605, 0 18 20, 226 88 21 20
4543305, 0 18 20, 334 29 20 20
5501205, 1 19 20, 1938 170 18 21
3265405, 1 19 23, 110 88 21 22
4862405, 0 17 20, 742 560 20 19
4543605, 0 18 20, 334 57 20 20
4463905, 0 18 20, 226 116 21 20
5381205, 0 18 20, 1356 385 20 20
4422105, 1 18 20, 84 503 18 21
4742405, 1 18 20, 551 173 18 20
4503305, 1 18 20, 255 87 18 21
5061305, 1 18 20, 884 510 17 20
5380405, 0 17 20, 1356 304 20 19
2019505, 0 19 23, 1576 674 22 22
4581905, 2 18 20, 362 454 19 20
4701905, 2 18 20, 525 257 17 20
4462805, 1 18 20, 198 284 20 20
5300005, 1 18 20, 1774 4 18 20
4661205, 0 17 20, 469 700 20 19
4581505, 2 18 20, 362 397 19 20
4461805, 1 18 20, 198 256 18 20
4781205, 0 18 20, 662 4 21 20
5101205, 0 18 20, 1078 311 20 20
4462405, 0 18 20, 226 60 21 20
4581205, 2 18 20, 362 341 19 20
4462105, 0 18 20, 226 32 21 20
4462005, 0 18 20, 226 4 21 20
5498405, 0 18 20, 1828 170 20 20
4859605, 1 18 20, 716 116 18 20
2018105, 0 19 23, 1576 524 22 22
4580505, 2 18 20, 362 285 19 20
4420805, 1 18 20, 84 475 18 20
4500505, 0 17 20, 255 31 20 20
2057205, 0 19 23, 1728 616 22 22
4939905, 0 18 20, 799 539 20 20
4778405, 0 17 20, 606 676 20 17
4459605, 0 18 20, 198 115 19 20
4416905, 1 18 20, 84 335 18 20
5057505, 1 18 20, 994 4 19 20
2016005, 0 19 23, 1869 286 22 22
4578405, 2 18 20, 308 510 16 20
5098005, 0 18 20, 1078 60 20 20
4459205, 1 18 20, 59 731 17 20
4767205, 2 18 20, 391 511 16 20
4448405, 1 18 20, 170 390 18 20
5086805, 0 18 20, 1049 117 20 20
4448005, 1 18 20, 170 362 18 20
5512905, 0 19 20, 1463 604 20 21
4714405, 2 18 20, 525 736 17 20
12105, 0 13 11, 59 364 12 19
3705, 1 17 19, 59 4 17 18
5313205, 1 18 20, 1302 229 18 20
5392005, 0 17 20, 1356 468 20 19
4753205, 2 18 20, 391 370 16 20
5073205, 0 18 20, 1021 115 20 20
4434405, 1 18 20, 84 701 18 20
5072505, 0 18 20, 1021 59 20 20
4593405, 2 18 20, 415 61 17 20
5070405, 1 18 20, 994 651 18 20
4431605, 1 18 20, 84 616 18 20
4430505, 0 18 20, 139 614 20 21
5466505, 1 18 20, 1436 228 18 21
5148005, 1 18 20, 1106 256 18 20
4827705, 2 18 20, 691 173 16 20
4427705, 0 17 20, 139 447 20 20
4748005, 0 17 20, 578 706 20 19
4426405, 0 17 20, 139 312 20 19
5067005, 1 18 20, 994 370 17 20
4427305, 0 17 20, 139 393 20 19
4747605, 0 17 20, 578 654 20 17
5067605, 1 18 20, 994 426 18 20
4428405, 0 18 20, 139 502 21 20
5464805, 1 18 20, 1596 142 18 20
3069305, 1 19 23, 110 59 21 21
4826005, 2 18 20, 391 735 16 20
5225705, 0 18 20, 1161 538 19 21
4427205, 0 17 20, 139 366 20 19
5344405, 2 18 20, 1761 32 18 20
4545905, 0 18 20, 334 254 20 21
2022305, 0 19 23, 1879 316 22 22
5225305, 0 18 20, 1161 510 19 20
5065605, 1 18 20, 994 201 18 20
4426805, 0 17 20, 139 339 20 19
4745205, 0 17 20, 578 545 20 19
5263605, 0 18 20, 1274 226 20 20
4624805, 1 18 20, 415 510 18 20
4545105, 0 18 20, 334 169 20 20
4744805, 0 17 20, 578 491 20 19
5064805, 1 18 20, 994 173 18 20
4426005, 0 17 20, 139 258 20 19
5064405, 1 18 20, 994 145 18 20
4425605, 0 17 20, 139 206 20 17
4441705, 0 17 20, 170 193 20 20
2093405, 1 19 23, 1907 615 21 22
5296405, 1 18 20, 1540 4 17 20
4817305, 2 18 20, 662 566 18 20
4418805, 1 18 20, 84 419 18 20
4977605, 1 18 20, 828 735 18 20
4498505, 0 17 20, 226 664 20 19
5282505, 0 18 20, 1106 733 18 20
5122805, 0 18 20, 1132 680 19 20
4789605, 0 17 20, 634 197 20 17
5205, 0 17 13, 35 126 13 17
1282805, 0 19 23, 139 29 23 21
4455705, 0 17 20, 198 31 20 20
4711605, 2 18 20, 525 539 17 20
5111005, 0 18 20, 1132 229 20 20
4631905, 0 17 20, 469 86 20 19
9305, 0 17 7, 16 658 6 21
9105, 1 17 7, 16 629 6 21
4813605, 2 18 20, 391 707 16 20
5133905, 0 17 20, 1188 221 20 20
4416005, 1 18 20, 59 563 17 20
5438305, 0 17 20, 1971 113 20 19
4734005, 0 17 20, 578 328 20 19
2091905, 1 19 23, 1877 674 22 22
4654305, 2 18 20, 469 620 17 20
4733605, 0 17 20, 578 274 20 19
5053605, 1 18 20, 884 313 18 20
4414805, 0 18 20, 110 596 19 20
4573305, 0 18 20, 362 32 20 21
5348905, 2 18 20, 1330 174 17 21
4710105, 2 18 20, 391 200 16 20
4630405, 0 17 20, 441 708 20 19
7805, 2 17 17, 35 378 13 17
4414505, 1 18 20, 59 535 17 20
4710005, 2 18 20, 391 172 16 20
7705, 2 17 20, 35 353 16 17
5052905, 1 18 20, 884 257 18 20
2011405, 1 18 23, 2018 199 21 20
4573805, 0 18 20, 362 89 20 20
4414405, 1 18 20, 59 507 17 20
4955605, 0 18 20, 855 114 20 20
4905, 1 17 13, 16 212 7 17
5050405, 1 18 20, 910 681 19 20
4571305, 0 18 20, 334 585 20 20
4411605, 0 18 20, 110 568 19 20
2024005, 0 19 23, 1607 376 22 22
5227005, 0 18 20, 1217 520 20 21
4428505, 0 18 20, 139 530 20 20
5047605, 0 18 20, 965 257 20 20
4408805, 0 18 20, 110 512 20 20
5226305, 0 18 20, 1161 567 19 21
4408105, 1 18 20, 84 221 18 21
5206105, 0 17 20, 1217 356 20 20
5368505, 0 17 20, 1356 248 20 20
4407605, 1 18 20, 84 137 18 20
2083705, 1 19 23, 1789 616 22 22
4966405, 0 18 20, 855 308 20 20
4487305, 0 18 20, 226 443 20 20
4407905, 1 18 20, 84 193 18 20
5066105, 1 18 20, 994 285 18 21
5204405, 0 17 20, 1217 302 20 19
4565605, 1 18 20, 308 342 18 20
5083705, 0 18 20, 1021 649 20 20
4603705, 0 17 20, 441 165 20 19
4924005, 0 17 20, 770 506 20 17
4525505, 2 18 20, 283 172 17 20
5323705, 0 17 20, 1302 444 20 20
4406105, 1 18 20, 84 53 18 20
5063605, 1 18 20, 884 679 17 20
2022105, 0 19 23, 1849 316 22 22
4584505, 2 18 20, 362 567 17 21
5343305, 1 18 20, 1330 60 18 21
4544805, 0 18 20, 334 113 20 20
4425705, 0 17 20, 139 231 20 19
4406005, 0 18 20, 110 484 19 20
5084005, 0 18 20, 1021 677 20 20
4445205, 1 18 20, 170 334 18 20
4804005, 0 17 20, 634 579 20 19
4485205, 0 17 20, 226 225 20 19
4451605, 0 17 20, 170 556 20 19
4771905, 2 18 20, 606 534 17 20
6528605, 4 17 23, 35 4 16 18
4616105, 0 17 20, 441 382 20 19
4456405, 1 18 20, 198 59 18 20
4700005, 2 18 20, 525 117 17 20
4713305, 2 18 20, 525 679 17 21
5121705, 0 18 20, 1106 172 18 20
11305, 1 13 13, 59 184 11 19
4631005, 0 18 20, 469 4 20 20
8405, 0 17 12, 35 484 12 17
5055705, 1 18 20, 965 623 19 20
4415105, 1 18 20, 84 250 18 20
4803605, 0 17 20, 634 552 20 19
12605, 1 10 13, 35 756 11 4
4817705, 2 18 20, 662 622 17 20
4714805, 2 18 20, 551 32 17 20
5122905, 0 18 20, 1132 708 19 20
12505, 0 17 8, 59 441 8 21
4405405, 0 18 20, 110 400 21 20
4498405, 0 17 20, 226 637 20 19
5282405, 1 18 20, 1106 705 18 20
12305, 0 17 8, 59 412 8 21
4524405, 2 18 20, 283 88 17 20
4405305, 0 18 20, 110 371 21 21
4536505, 2 18 20, 283 651 17 20
4856805, 1 18 20, 716 88 18 20
4538005, 2 18 20, 308 173 17 20
4816705, 2 18 20, 662 509 18 20
12205, 0 13 10, 59 391 10 13
4405205, 0 18 20, 110 342 21 21
4577605, 2 18 20, 308 482 17 20
4484505, 0 17 20, 226 198 20 19
4404805, 0 18 20, 110 230 21 20
2041505, 0 19 23, 1791 406 23 22
4603905, 0 17 20, 441 192 20 19
4444505, 1 18 20, 170 305 18 21
4405105, 0 18 20, 110 314 21 20
4794005, 0 17 20, 634 358 20 19
5123205, 0 18 20, 1132 736 19 20
4484405, 0 17 20, 226 173 20 17
4405005, 0 18 20, 110 286 21 20
4537705, 2 18 20, 283 735 16 20
4524005, 2 18 20, 283 60 17 20
4404905, 0 18 20, 110 258 21 20
5122205, 0 18 20, 1132 652 19 20
4643105, 2 18 20, 469 338 17 20
11805, 0 13 11, 59 301 12 13
2013305, 1 19 23, 1546 666 21 22
4896005, 0 17 20, 770 175 20 17
4577205, 2 18 20, 308 454 17 20
4520905, 2 18 20, 255 443 18 20
2036705, 0 19 23, 1973 376 23 22
5239705, 0 18 20, 1106 536 18 21
5307705, 0 17 20, 1931 4 20 19
836105, 0 17 23, 139 4 23 17
4735705, 0 17 20, 578 463 20 20
5056005, 1 18 20, 965 651 19 20
4417205, 0 18 20, 110 652 19 20
4576905, 2 18 20, 308 426 16 20
4495605, 0 17 20, 226 612 20 17
11405, 1 13 9, 59 211 8 13
4815905, 2 18 20, 662 425 18 20
4576805, 2 18 20, 308 398 16 20
4418005, 1 18 20, 84 391 18 20
5192305, 0 17 20, 1217 221 20 19
4872905, 2 18 20, 716 256 17 21
5121605, 0 18 20, 1106 144 18 20
4815705, 2 18 20, 662 397 18 20
11205, 1 13 13, 59 157 12 19
4952805, 0 18 20, 828 398 19 20
4793105, 0 17 20, 634 303 20 19
4872705, 2 18 20, 716 228 18 20
5440805, 0 17 20, 1408 223 20 19
4404005, 0 18 20, 110 202 21 20
2054005, 0 19 23, 1970 436 22 22
4616405, 0 17 20, 441 409 20 19
4536705, 2 18 20, 283 679 17 20
4417605, 1 18 20, 84 363 18 20
10905, 1 13 21, 84 32 18 13
4713105, 2 18 20, 525 651 17 20
10805, 1 18 6, 4 120 4 18
4872405, 2 18 20, 716 200 16 20
4536405, 2 18 20, 283 623 17 20
4712905, 2 18 20, 525 623 17 20
10605, -1 18 6, 59 56 6 24
4921205, 0 17 20, 770 479 20 19
5241205, 0 18 20, 1245 539 19 20
4602405, 0 17 20, 441 56 20 19
4522705, 2 18 20, 255 639 18 20
5042405, 0 18 20, 965 201 20 20
4403605, 0 18 20, 110 174 21 20
5511305, 0 19 20, 1463 488 20 22
4712805, 2 18 20, 525 595 17 20
4815005, 2 18 20, 662 285 18 20
10505, 1 18 6, 4 94 4 18
4466705, 0 18 20, 198 424 19 20
4698005, 2 18 20, 497 690 18 20
4934105, 0 18 20, 799 32 21 20
4814805, 1 18 20, 662 229 20 20
10305, 0 13 12, 35 729 12 19
4403205, 0 18 20, 110 118 21 20
4602105, 0 17 20, 441 29 20 19
4442405, 1 18 20, 170 221 18 20
4871605, 2 18 20, 716 172 17 20
4535605, 2 18 20, 283 595 17 20
4416505, 1 18 20, 84 306 18 21
4581305, 2 18 20, 362 369 19 20
4712005, 2 18 20, 525 567 17 20
5120105, 0 18 20, 1106 88 18 20
4960405, 0 18 20, 828 426 19 20
5510005, 0 19 20, 1463 430 20 21
4871205, 2 18 20, 691 736 17 20
4632105, 0 17 20, 469 113 20 20
9505, 0 -2 9, 16 687 10 2
5014305, 0 18 20, 937 531 20 20
4535205, 2 18 20, 283 567 17 20
5439205, 0 17 20, 1999 113 20 19
5492505, 1 18 20, 1436 709 18 20
5332805, 0 17 20, 1302 724 20 19
4934305, 0 18 20, 799 60 21 20
5014005, 0 18 20, 937 503 20 20
4534905, 2 18 20, 283 539 17 20
2549905, 1 19 23, 139 88 22 22
4870805, 2 18 20, 691 680 16 20
4534805, 2 18 20, 283 511 17 20
5110705, 0 18 20, 1132 172 20 20
4631605, 0 17 20, 469 32 20 19
2098405, 2 18 23, 2025 615 19 21
4660805, 0 17 20, 469 648 20 17
4534705, 2 18 20, 283 482 17 21
4694405, 2 18 20, 497 549 17 20
4455305, 0 17 20, 170 743 20 19
2018005, 0 19 23, 1576 494 22 22
4580405, 2 18 20, 362 257 19 20
5418905, 1 18 20, 1644 113 18 21
4700405, 2 18 20, 525 173 17 20
4461305, 1 18 20, 198 227 18 21
5278905, 0 18 20, 1274 392 20 21
8805, 0 17 13, 35 560 13 17
4492805, 1 18 20, 226 584 18 20
8605, 0 17 13, 35 535 14 17
4773205, 2 18 20, 606 591 17 20
4454405, 0 17 20, 170 689 20 19
4534105, 2 18 20, 283 453 17 21
4710505, 2 18 20, 391 228 16 21
4630805, 0 18 20, 441 735 20 20
4839105, 0 18 20, 742 197 20 20
4579605, 2 18 20, 362 117 19 20
4710305, 2 18 20, 525 455 17 20
5477705, 1 18 20, 1436 371 18 21
4759205, 2 18 20, 551 651 17 20
2011005, 1 18 23, 1546 434 21 21
4573405, 0 18 20, 362 61 20 20
2049805, 0 19 23, 1698 616 22 22
4932505, 0 18 20, 770 615 21 20
4772805, 2 18 20, 391 595 16 20
5092805, 1 18 20, 1049 482 18 20
4454005, 0 17 20, 170 635 20 19
4852805, 0 18 20, 742 447 20 20
4933405, 0 18 20, 770 727 21 20
4838805, 0 18 20, 742 141 20 20
4440305, 0 17 20, 170 31 20 19
5052005, 1 18 20, 965 509 19 21
2010505, 1 19 23, 1546 374 22 22
4572905, 0 18 20, 334 725 20 20
4630005, 0 17 20, 441 656 20 17
7405, 0 17 8, 16 523 7 22
2010405, 1 18 23, 1546 345 21 21
4572805, 0 18 20, 334 697 20 20
4533105, 2 18 20, 283 369 16 20
4932805, 0 18 20, 770 643 21 20
4453705, 0 17 20, 170 608 20 19
7305, 0 17 8, 16 498 7 17
5357305, 2 18 20, 1330 399 16 21
4558805, 0 18 20, 334 448 20 20
4439705, 0 17 20, 139 724 20 19
5092405, 1 18 20, 1049 454 18 20
4772105, 2 18 20, 606 562 17 21
4852105, 0 18 20, 742 419 20 20
4453605, 0 17 20, 170 583 20 17
4439605, 0 17 20, 139 697 20 19
4851605, 0 18 20, 742 363 20 20
7005, 2 17 11, 16 473 9 17
4709205, 2 18 20, 525 427 17 20
6905, 2 17 12, 16 448 9 17
4568405, 0 17 20, 334 505 20 19
5276905, 0 18 20, 1274 364 20 20
6805, 2 17 16, 35 252 13 17
5131605, 0 17 20, 1188 85 20 19
5108105, 1 18 20, 1078 734 18 21
4788705, 1 18 20, 634 169 19 20
4956505, 0 18 20, 855 170 20 20
5276805, 0 17 20, 1274 339 20 17
6705, 1 17 14, 35 226 13 18
4572105, 0 18 20, 334 669 20 20
4851205, 0 17 20, 742 308 20 19
4532405, 2 18 20, 283 285 17 20
5436405, 0 17 20, 1440 60 20 17
4957305, 0 18 20, 855 255 20 20
6605, 2 17 14, 35 201 12 17
4572005, 0 18 20, 334 641 20 20
5330805, 1 18 20, 1302 668 18 20
4532305, 2 18 20, 308 117 18 20
5347605, 2 18 20, 1992 32 17 20
4708805, 2 18 20, 525 399 17 20
4532005, 2 18 20, 283 229 16 20
4708505, 2 18 20, 391 144 16 20
5050105, 1 18 20, 910 653 19 20
2007705, 1 18 23, 1960 199 21 20
4890405, 1 18 20, 716 539 18 20
4571605, 0 18 20, 334 613 20 20
5347205, 2 18 20, 1967 32 17 20
4708405, 2 18 20, 525 371 17 20
5116505, 0 18 20, 1132 510 20 21
6105, 1 12 13, 16 411 11 8
4490005, 1 18 20, 226 528 18 20
5805, 1 13 6, 4 57 4 14
4571205, 0 17 20, 334 560 20 17
4956405, 0 18 20, 855 142 20 20
5705, 1 17 13, 16 340 11 18
5605, 1 17 13, 16 314 11 18
5505, 0 17 13, 35 151 12 17
5405, 1 17 13, 16 288 11 18
4770405, 2 18 20, 606 422 17 20
4690705, 0 17 20, 497 494 20 19
4522405, 2 18 20, 255 583 18 20
4403305, 0 18 20, 110 146 21 20
4416305, 1 18 20, 110 624 19 20
2065205, 0 19 23, 1910 466 22 22
4627605, 0 17 20, 441 601 20 19
5090005, 1 18 20, 1049 370 18 20
4451205, 0 17 20, 170 529 20 19
5425605, 0 17 20, 1803 113 20 19
4946505, 0 18 20, 828 89 19 20
4786805, 1 18 20, 634 141 18 20
4805, 1 17 13, 16 186 11 18
5002805, 0 18 20, 937 366 20 20
4523705, 2 18 20, 283 32 17 20
2064805, 0 19 23, 1880 466 22 22
4627205, 0 17 20, 441 574 20 19
2087305, 1 19 23, 1935 526 21 21
4649705, 2 18 20, 469 423 17 20
5049105, 0 18 20, 965 313 20 20
4570005, 0 18 20, 334 532 20 20
2072505, 0 19 23, 1789 496 23 22
4955205, 0 18 20, 855 86 20 20
4505, 0 8 7, 16 150 7 3
4450805, 0 17 20, 170 502 20 19
4436805, 0 17 20, 139 672 20 17
4866005, 0 18 20, 742 640 20 20
4954805, 0 17 20, 855 33 20 17
4105, 0 17 7, 16 87 7 21
4969205, 0 18 20, 855 504 20 20
5114405, 0 18 20, 1132 454 20 20
4005, 0 17 7, 16 58 7 21
5504405, 1 18 20, 1463 317 18 20
5274005, 0 18 20, 1274 311 20 20
3905, 1 17 5, 4 30 3 7
4848405, 0 17 20, 742 283 20 17
4945705, 0 18 20, 828 4 19 21
4626305, 1 18 20, 441 546 19 20
4758805, 2 18 20, 551 595 17 20
4440005, 0 17 20, 170 4 20 19
5109205, 0 18 20, 1132 60 20 20
4630105, 0 17 20, 441 681 20 19
4675205, 0 17 20, 497 141 20 19
4595505, 2 18 20, 415 257 17 20
3605, 1 18 13, 16 4 11 20
4688805, 0 17 20, 497 334 20 17
